0.0                    0.0
0.00023993144815766926                    7.2627235213204955
0.0004627249357326478                    14.525447042640991
0.000805484147386461                    23.548830811554332
0.0010711225364181662                    30.15130674002751
0.0013367609254498716                    35.873452544704264
0.0015852613538988862                    41.15543328748281
0.0018508997429305913                    46.43741403026135
0.0021508140531276778                    50.61898211829436
0.0024078834618680378                    54.36038514442916
0.0027077977720651243                    58.32187070151307
0.0030419880034275922                    62.06327372764787
0.003427592116538132                    65.36451169188446
0.003804627249357327                    67.56533700137551
0.0042416452442159386                    69.98624484181568
0.0047472150814053135                    72.40715268225584
0.005287060839760069                    74.1678129298487
0.006178234790059984                    77.46905089408529