-0.000099	0.062814	
0.000333	24.246231	
-0.000530	-28.517588	
0.000456	23.806533	
-0.000468	-26.319095	
0.001133	51.067839	
-0.000714	-50.062814	
0.000948	51.947236	
-0.000776	-47.864322	
0.001195	52.826633	
0.001318	66.457286	
0.001749	78.768844	
0.002241	82.286432	
0.002057	71.293970	
0.001502	45.791457	
0.000764	22.487437	
-0.000160	-12.248744	
-0.000961	-58.856784	
-0.001515	-76.884422	
-0.001823	-88.316583	
-0.002007	-79.522613	
-0.001700	-61.934673	
-0.001145	-41.708543	
-0.000591	-17.525126	
-0.000283	1.821608	
0.000333	22.487437	
0.000517	41.394472	
0.000887	59.422111	
0.001195	70.414573	
0.001872	79.208543	
0.002180	81.846734	
0.001626	60.741206	
0.001071	36.118090	
0.000086	-3.015075	
-0.000591	-40.829146	
-0.001145	-65.891960	
-0.001576	-80.402010	
-0.001823	-89.195980	
-0.002007	-78.643216	
-0.001761	-64.133166	
-0.001022	-35.992462	
-0.000222	-0.376884	
0.000579	32.600503	
0.001133	55.904523	
0.001626	72.613065	
0.002118	83.605528	
0.002796	88.002513	
0.003719	94.597990	
0.003966	97.236181	
0.003350	69.095477	
0.002796	37.437186	
0.002365	25.565327	
0.001872	12.374372	
0.001502	-0.816583	
0.000825	-10.929648	
0.000456	-18.404523	
0.000025	-30.276382	
-0.000283	-37.751256	
-0.001022	-55.778894	
-0.001515	-74.246231	
-0.002069	-90.515075	
-0.002685	-100.188442	
-0.003116	-96.231156	
-0.003239	-82.600503	
-0.002931	-65.452261	
-0.002562	-50.062814	
-0.001761	-28.957286	
-0.001084	-9.610553	
-0.000714	1.821608	
-0.000530	8.856784	
0.000333	17.650754	
0.000517	27.763819	
0.001071	47.110553	
0.001379	59.861809	
0.001872	74.371859	
0.002180	84.045226	
0.003534	91.080402	
0.003966	93.718593	
0.003411	73.932161	
0.003165	54.145729	
0.002611	39.195980	
0.001933	19.409548	
0.001318	3.140704	
0.000764	-6.532663	
0.000394	-17.085427	
-0.000037	-24.120603	
-0.000222	-30.276382	
-0.000961	-51.821608	
-0.001453	-71.168342	
-0.002131	-88.756281	
-0.002438	-94.472362	
-0.002931	-89.635678	
-0.002869	-76.884422	
-0.002869	-58.417085	
-0.001946	-38.190955	
-0.001268	-11.369347	
-0.000837	-0.376884	
0.000148	8.856784	
0.000579	29.082915	
0.000887	46.670854	
0.001318	67.776382	
0.001933	78.329146	
0.002980	88.002513	
0.004212	94.158291	
0.004889	99.874372	
0.006305	101.633166	
0.005813	80.967337	
0.004951	50.188442	
0.004520	33.919598	
0.003842	15.891960	
0.003411	2.701005	
0.002611	-8.291457	
0.001933	-15.326633	
0.001195	-27.198492	
-0.000099	-39.949749	
-0.001145	-60.615578	
-0.001576	-80.402010	
-0.002377	-97.989950	
-0.003732	-107.223618	
-0.004347	-114.258794	
-0.004840	-112.500000	
-0.004840	-101.947236	
-0.004594	-85.678392	
-0.004409	-72.927136	
-0.003670	-49.623116	
-0.003239	-30.716080	
-0.002869	-19.283920	
-0.002562	-7.412060	
-0.002007	-0.376884	
-0.001392	9.736181	
-0.000406	18.530151	
0.000271	28.643216	
0.001010	37.876884	
0.001318	45.351759	
0.001810	53.266332	
0.002180	62.060302	
0.002857	75.690955	
0.003966	86.243719	
0.005012	96.356784	
0.005690	99.874372	
0.006059	101.193467	
0.005751	89.321608	
0.005197	63.379397	
0.004273	33.919598	
0.003658	18.090452	
0.002857	-1.695980	
0.001502	-19.283920	
0.000702	-26.758794	
-0.000222	-39.949749	
-0.000776	-47.424623	
-0.001268	-64.572864	
-0.001700	-81.721106	
-0.002438	-92.713568	
-0.003608	-102.826633	
-0.004347	-110.301508	
-0.004532	-104.145729	
-0.004409	-83.919598	
-0.003978	-57.977387	
-0.003362	-37.311558	
-0.002746	-15.326633	
-0.002192	-1.256281	
-0.001207	12.814070	
-0.000345	21.608040	
0.000702	34.798995	
0.002057	52.826633	
0.002672	67.336683	
0.003288	79.648241	
0.004704	91.959799	
0.006182	100.314070	
0.007352	105.150754	
0.008584	110.866834	
0.009754	113.944724	
0.010862	114.384422	
0.011416	113.505025	
0.011232	102.512563	
0.010431	78.768844	
0.009446	50.628141	
0.008522	26.884422	
0.007783	7.977387	
0.007352	-0.376884	
0.006244	-12.248744	
0.004828	-25.000000	
0.003227	-36.871859	
0.001933	-45.226131	
0.000764	-55.339196	
-0.001207	-67.211055	
-0.002315	-78.643216	
-0.002746	-88.316583	
-0.003239	-97.110553	
-0.003855	-105.904523	
-0.004594	-115.577889	
-0.005579	-123.492462	
-0.006564	-130.087940	
-0.007180	-136.243719	
-0.008227	-141.080402	
-0.009581	-141.959799	
-0.009335	-131.407035	
-0.009212	-109.422111	
-0.008350	-76.005025	
-0.007549	-50.062814	
-0.006564	-23.680905	
-0.005948	-6.972362	
-0.005517	-0.376884	
-0.003608	10.615578	
-0.001761	19.409548	
-0.000406	27.324121	
0.001318	41.394472	
0.002672	56.783920	
0.003719	72.613065	
0.004766	85.804020	
0.005813	93.718593	
0.007352	101.193467	
0.009200	107.788945	
0.010431	112.625628	
0.011047	112.625628	
0.010862	103.831658	
0.010246	76.130653	
0.009569	51.947236	
0.008892	36.118090	
0.008153	18.530151	
0.007537	4.459799	
0.006121	-12.248744	
0.004766	-24.560302	
0.002426	-40.829146	
0.000579	-53.140704	
-0.001761	-68.090452	
-0.002315	-76.005025	
-0.003670	-98.869347	
-0.005148	-113.819095	
-0.006441	-126.130653	
-0.007611	-137.123116	
-0.008966	-139.761307	
-0.009581	-140.201005	
-0.009458	-127.010050	
-0.009212	-110.301508	
-0.008658	-90.075377	
-0.007734	-60.615578	
-0.006995	-33.354271	
-0.006195	-13.567839	
-0.005271	0.942211	
-0.003670	9.296482	
-0.002131	16.331658	
-0.000160	28.643216	
0.001441	44.472362	
0.003719	77.010050	
0.004704	86.243719	
0.003103	62.500000	
0.004643	78.329146	
0.005751	90.640704	
0.007352	98.115578	
0.009384	106.030151	
0.010677	109.987437	
0.011170	109.547739	
0.010677	95.477387	
0.010123	75.251256	
0.009446	57.223618	
0.008768	38.316583	
0.007845	16.771357	
0.007106	-1.256281	
0.005382	-17.525126	
0.003473	-35.992462	
0.000764	-52.701005	
-0.000837	-62.814070	
-0.001946	-72.487437	
-0.002808	-85.678392	
-0.004409	-101.067839	
-0.006071	-116.017588	
-0.007549	-124.811558	
-0.008534	-132.726131	
-0.009643	-137.123116	
-0.009397	-113.379397	
-0.008966	-94.912060	
-0.007734	-59.296482	
-0.007180	-35.992462	
-0.006441	-17.525126	
-0.005517	-1.256281	
-0.003362	11.494975	
-0.002438	17.650754	
-0.000037	29.082915	
0.001872	49.748744	
0.003658	67.336683	
0.004704	74.371859	
0.006305	86.243719	
0.007906	94.158291	
0.009200	102.512563	
0.010431	106.909548	
0.012155	112.185930	
0.013448	113.944724	
0.014988	116.143216	
0.015788	117.022613	
0.015603	101.633166	
0.015296	87.123116	
0.014926	74.371859	
0.013448	52.386935	
0.012463	39.195980	
0.011663	24.685930	
0.010554	9.736181	
0.009631	-6.532663	
0.008768	-17.525126	
0.007968	-32.914573	
0.006860	-39.949749	
0.005197	-46.545226	
0.003473	-53.580402	
0.002303	-59.296482	
0.000456	-67.211055	
-0.000961	-76.444724	
-0.002623	-87.437186	
-0.004101	-95.791457	
-0.005271	-105.904523	
-0.006318	-113.379397	
-0.007796	-123.932161	
-0.008966	-132.286432	
-0.010197	-144.158291	
-0.011244	-148.115578	
-0.012660	-152.512563	
-0.014569	-155.150754	
-0.015123	-155.590452	
-0.014754	-138.881910	
-0.014384	-117.776382	
-0.013707	-92.273869	
-0.012845	-68.090452	
-0.011921	-45.226131	
-0.011182	-26.758794	
-0.010628	-12.688442	
-0.010135	-8.291457	
-0.008966	-0.816583	
-0.006564	6.658291	
-0.004717	15.012563	
-0.001268	26.884422	
0.000825	42.273869	
0.002672	53.706030	
0.003966	65.577889	
0.005874	77.449749	
0.007722	88.002513	
0.008953	93.278894	
0.010246	97.236181	
0.011909	103.391960	
0.013202	107.349246	
0.014557	112.625628	
0.015850	113.505025	
0.016650	113.944724	
0.016219	99.434673	
0.015788	76.130653	
0.015542	61.180905	
0.014988	47.989950	
0.014126	32.160804	
0.013571	15.452261	
0.012709	0.502513	
0.012155	-9.610553	
0.010554	-21.482412	
0.008707	-31.155779	
0.005813	-43.027638	
0.002549	-53.580402	
0.000640	-62.374372	
-0.001084	-72.487437	
-0.003177	-83.479899	
-0.004778	-93.592965	
-0.005948	-101.067839	
-0.008350	-112.939698	
-0.010135	-122.613065	
-0.012599	-138.002513	
-0.013953	-145.917085	
-0.015123	-150.753769	
-0.015862	-151.633166	
-0.015739	-134.924623	
-0.015123	-114.698492	
-0.014261	-85.238693	
-0.013399	-66.771357	
-0.012291	-43.467337	
-0.011736	-29.396985	
-0.010628	-14.447236	
-0.009458	-5.213568	
-0.007549	2.701005	
-0.005702	11.055276	
-0.003608	19.849246	
-0.001145	31.281407	
0.000702	43.592965	
0.002919	55.464824	
0.004089	62.500000	
0.006244	71.733668	
0.008399	80.527638	
0.010185	88.002513	
0.012094	96.356784	
0.013879	102.512563	
0.015296	106.469849	
0.016281	108.668342	
0.017328	108.668342	
0.017020	98.115578	
0.016589	85.804020	
0.016096	74.371859	
0.015296	56.783920	
0.014557	38.756281	
0.013941	24.246231	
0.013079	5.778894	
0.012401	-6.092965	
0.011478	-13.128141	
0.009815	-25.879397	
0.007783	-36.432161	
0.002611	-54.459799	
0.000887	-61.494975	
-0.000099	-65.891960	
-0.002562	-79.082915	
-0.004101	-87.876884	
-0.005640	-97.110553	
-0.007488	-107.663317	
-0.010197	-120.854271	
-0.011860	-130.967337	
-0.013153	-138.881910	
-0.014323	-144.597990	
-0.015800	-148.994975	
-0.015677	-135.364322	
-0.015123	-121.293970	
-0.014446	-101.507538	
-0.013584	-76.884422	
-0.012599	-51.821608	
-0.011860	-33.793970	
-0.010567	-13.128141	
-0.008658	2.701005	
-0.007672	7.977387	
-0.005764	16.771357	
-0.003916	23.366834	
-0.002377	31.281407	
-0.000345	39.635678	
0.002672	54.145729	
0.005135	62.500000	
0.006675	69.095477	
0.008399	74.371859	
0.010924	84.924623	
0.012094	88.002513	
0.013140	93.278894	
0.014249	98.994975	
0.016466	102.952261	
0.018190	107.788945	
0.019914	109.108040	
0.021884	109.108040	
0.022931	108.228643	
0.022500	94.597990	
0.022069	77.889447	
0.021330	58.542714	
0.020222	41.834171	
0.019175	21.608040	
0.018374	11.494975	
0.017574	-2.135678	
0.016589	-12.248744	
0.015542	-19.723618	
0.014433	-27.198492	
0.012217	-35.552764	
0.010185	-42.148241	
0.007906	-48.743719	
0.005936	-55.778894	
0.003904	-61.494975	
0.001995	-67.650754	
-0.000222	-74.246231	
-0.002315	-79.522613	
-0.003485	-86.118090	
-0.006133	-100.188442	
-0.008227	-110.741206	
-0.010874	-125.690955	
-0.012783	-136.243719	
-0.014138	-144.158291	
-0.015369	-149.874372	
-0.016786	-154.711055	
-0.019249	-159.547739	
-0.021158	-162.625628	
-0.020911	-138.442211	
-0.020111	-113.379397	
-0.019680	-95.791457	
-0.019002	-77.324121	
-0.018448	-59.736181	
-0.017401	-44.346734	
-0.016663	-32.035176	
-0.015369	-18.844221	
-0.014631	-11.809045	
-0.011429	-4.773869	
-0.009828	-0.816583	
-0.006872	13.253769	
-0.004039	23.366834	
-0.001946	31.721106	
0.000579	43.592965	
0.003350	55.464824	
0.005690	63.379397	
0.007660	70.854271	
0.009877	76.570352	
0.011232	80.967337	
0.013695	87.123116	
0.016466	94.158291	
0.018929	99.874372	
0.021515	102.952261	
0.022931	105.150754	
0.023916	106.469849	
0.023547	88.442211	
0.022808	71.733668	
0.022069	53.706030	
0.021268	40.075377	
0.020406	19.409548	
0.019667	10.175879	
0.018682	-2.135678	
0.018005	-6.972362	
0.017143	-11.369347	
0.015973	-16.645729	
0.014433	-26.319095	
0.013448	-32.035176	
0.011232	-39.510050	
0.008892	-45.226131	
0.006613	-53.140704	
0.003781	-58.856784	
0.001195	-65.891960	
-0.001145	-72.927136	
-0.003732	-85.238693	
-0.005517	-92.713568	
-0.007057	-99.309045	
-0.009520	-107.663317	
-0.010813	-111.180905	
-0.012660	-118.655779	
-0.014200	-127.889447	
-0.015431	-132.726131	
-0.016355	-138.442211	
-0.017709	-146.356784	
-0.019187	-154.711055	
-0.020357	-158.668342	
-0.021835	-160.866834	
-0.022266	-159.547739	
-0.021897	-142.839196	
-0.021342	-123.492462	
-0.020603	-104.585427	
-0.019495	-82.600503	
-0.018695	-62.374372	
-0.017709	-44.346734	
-0.016355	-29.836683	
-0.015431	-19.723618	
-0.013584	-8.291457	
-0.011059	-1.695980	
-0.008227	6.218593	
-0.005394	18.090452	
-0.002192	28.643216	
-0.000222	37.876884	
0.002365	48.869347	
0.006121	57.223618	
0.008091	61.620603	
0.009938	66.457286	
0.011601	73.492462	
0.013818	80.087940	
0.016281	86.683417	
0.018190	92.839196	
0.020468	97.675879	
0.021946	101.193467	
0.023362	102.952261	
0.024470	102.952261	
0.024286	92.839196	
0.023978	82.286432	
0.023362	65.138191	
0.022562	48.869347	
0.021884	34.359296	
0.021084	22.047739	
0.020406	15.452261	
0.019544	4.459799	
0.018929	-2.135678	
0.018190	-6.972362	
0.016712	-15.326633	
0.014557	-26.319095	
0.012709	-34.233668	
0.010431	-41.268844	
0.007229	-51.381910	
0.004520	-57.097990	
0.001441	-66.771357	
-0.001823	-75.565327	
-0.005271	-92.273869	
-0.006872	-98.429648	
-0.009828	-108.542714	
-0.011490	-114.258794	
-0.013399	-121.733668	
-0.014815	-130.527638	
-0.016601	-136.683417	
-0.018202	-147.675879	
-0.020234	-156.909548	
-0.021589	-160.427136	
-0.022389	-160.427136	
-0.022266	-147.675879	
-0.021589	-127.010050	
-0.020973	-105.464824	
-0.020049	-83.479899	
-0.019865	-66.771357	
-0.019372	-56.658291	
-0.018264	-44.786432	
-0.016786	-33.793970	
-0.015308	-17.525126	
-0.014569	-11.369347	
-0.010443	-1.695980	
-0.007488	9.296482	
-0.006071	14.133166	
-0.002438	26.884422	
-0.000283	35.238693	
0.002919	46.231156	
0.004150	50.188442	
0.007291	57.223618	
0.010554	64.698492	
0.013079	72.173367	
0.015727	79.208543	
0.017328	85.804020	
0.020530	92.839196	
0.022500	97.675879	
0.024286	100.753769	
0.025517	102.952261	
0.027488	105.150754	
0.029150	105.590452	
0.029951	106.469849	
0.029458	89.321608	
0.028966	67.336683	
0.028596	55.025126	
0.027734	41.394472	
0.027180	29.522613	
0.026318	18.969849	
0.025333	7.977387	
0.024594	-0.376884	
0.023177	-9.610553	
0.021576	-18.404523	
0.019975	-26.319095	
0.018436	-32.914573	
0.014741	-42.148241	
0.011601	-48.743719	
0.008707	-55.339196	
0.005874	-62.814070	
0.003842	-68.090452	
0.000948	-74.246231	
-0.001084	-79.522613	
-0.004532	-87.437186	
-0.006195	-92.273869	
-0.007796	-96.670854	
-0.009212	-101.507538	
-0.010998	-106.783920	
-0.012414	-113.379397	
-0.013461	-118.216080	
-0.015062	-125.690955	
-0.016478	-132.726131	
-0.017833	-140.640704	
-0.019988	-150.314070	
-0.021281	-154.711055	
-0.022389	-158.228643	
-0.023990	-163.944724	
-0.025961	-167.022613	
-0.027623	-168.341709	
-0.028670	-169.221106	
-0.028362	-150.314070	
-0.027931	-135.804020	
-0.027377	-117.776382	
-0.026576	-99.309045	
-0.025776	-81.281407	
-0.025037	-65.012563	
-0.024606	-57.977387	
-0.022943	-43.027638	
-0.021650	-27.198492	
-0.020296	-14.447236	
-0.018941	-12.248744	
-0.016601	-7.412060	
-0.014261	-4.334171	
-0.011490	4.020101	
-0.008842	10.175879	
-0.007672	15.012563	
-0.002808	30.402010	
0.001626	37.876884	
0.005135	45.791457	
0.007722	50.628141	
0.010677	55.464824	
0.012771	58.982412	
0.015111	66.457286	
0.017943	72.173367	
0.020406	76.570352	
0.023608	84.924623	
0.025948	88.002513	
0.028227	94.158291	
0.029951	99.434673	
0.031182	101.633166	
0.030874	88.002513	
0.030567	74.371859	
0.030074	59.422111	
0.029397	43.153266	
0.028596	29.082915	
0.027980	22.047739	
0.026933	11.494975	
0.026010	0.942211	
0.025209	-6.532663	
0.023916	-11.809045	
0.022500	-16.645729	
0.020406	-24.560302	
0.018374	-32.035176	
0.016342	-36.871859	
0.013202	-43.907035	
0.010246	-50.942211	
0.007291	-57.977387	
0.004766	-63.693467	
0.002611	-68.090452	
-0.000714	-77.324121	
-0.004224	-83.479899	
-0.006687	-90.954774	
-0.008904	-97.110553	
-0.010012	-101.067839	
-0.011429	-104.145729	
-0.012722	-106.783920	
-0.013707	-110.301508	
-0.015800	-116.896985	
-0.017278	-123.052764	
-0.018448	-127.889447	
-0.019926	-133.165829	
-0.021404	-138.881910	
-0.023067	-146.356784	
-0.024175	-151.633166	
-0.025591	-156.030151	
-0.027254	-160.866834	
-0.028362	-164.824121	
-0.029163	-164.824121	
-0.029778	-164.384422	
-0.029347	-148.115578	
-0.028547	-125.690955	
-0.027993	-97.550251	
-0.027315	-83.479899	
-0.026576	-68.969849	
-0.026392	-62.374372	
-0.025714	-55.778894	
-0.024421	-45.226131	
-0.022635	-31.595477	
-0.021219	-20.603015	
-0.019865	-11.809045	
-0.017340	-8.731156	
-0.013399	-1.695980	
-0.011182	2.701005	
-0.010074	5.339196	
-0.009335	7.097990	
-0.005148	21.608040	
-0.001330	32.600503	
0.003103	44.032663	
0.004704	48.869347	
0.006182	53.266332	
0.007845	56.783920	
0.010246	62.500000	
0.012648	68.216080	
0.014249	72.173367	
0.017328	79.648241	
0.019606	83.605528	
0.021515	88.002513	
0.023362	92.839196	
0.025209	94.158291	
0.026749	95.037688	
0.028288	95.917085	
0.030197	93.718593	
0.031921	94.158291	
0.032352	93.278894	
0.032167	83.165829	
0.031736	72.613065	
0.031182	58.982412	
0.030567	47.110553	
0.030012	38.756281	
0.029397	29.962312	
0.028842	19.409548	
0.027857	11.934673	
0.026933	4.459799	
0.026256	-2.575377	
0.025333	-8.291457	
0.023916	-12.688442	
0.022808	-16.206030	
0.020653	-24.120603	
0.018436	-32.035176	
0.015480	-38.630653	
0.011355	-47.864322	
0.009076	-54.020101	
0.006675	-57.537688	
0.005074	-61.934673	
0.002980	-65.452261	
-0.000345	-72.047739	
-0.003054	-79.082915	
-0.004101	-80.841709	
-0.006010	-86.557789	
-0.007980	-90.954774	
-0.010259	-96.670854	
-0.011736	-101.067839	
-0.012783	-103.266332	
-0.014138	-105.904523	
-0.015246	-108.982412	
-0.016293	-112.939698	
-0.017648	-116.017588	
-0.019126	-123.492462	
-0.020480	-127.449749	
-0.021835	-134.484925	
-0.023374	-139.761307	
-0.024914	-146.356784	
-0.026268	-152.072864	
-0.027377	-156.469849	
-0.028608	-159.108040	
-0.029532	-161.306533	
-0.030579	-161.746231	
-0.030086	-149.434673	
-0.029532	-134.484925	
-0.028978	-118.216080	
-0.028054	-106.783920	
-0.027500	-96.231156	
-0.026884	-84.798995	
-0.026207	-72.487437	
-0.025776	-61.934673	
-0.024483	-56.218593	
-0.022882	-46.545226	
-0.021158	-38.630653	
-0.018387	-23.241206	
-0.016170	-12.248744	
-0.014692	-6.972362	
-0.012414	0.062814	
-0.009581	8.417085	
-0.008042	15.891960	
-0.006810	22.487437	
-0.005271	29.082915	
-0.003855	34.798995	
-0.002438	34.798995	
-0.001330	39.195980	
-0.000160	44.472362	
0.002241	46.670854	
0.005505	47.989950	
0.007660	50.188442	
0.009015	51.507538	
0.010862	53.266332	
0.012771	56.344221	
0.014618	58.982412	
0.016281	60.741206	
0.017451	62.500000	
0.018682	66.457286	
0.020099	70.414573	
0.021515	73.932161	
0.023300	76.130653	
0.024963	79.648241	
0.026810	83.165829	
0.028288	84.045226	
0.030074	87.562814	
0.032414	89.321608	
0.033892	91.080402	
0.035308	92.399497	
0.036724	92.399497	
0.037833	92.399497	
0.037709	84.484925	
0.037155	68.216080	
0.036478	54.585427	
0.035924	43.592965	
0.034754	28.643216	
0.033892	17.211055	
0.032845	7.537688	
0.031613	-3.015075	
0.030874	-7.851759	
0.031798	4.020101	
0.033337	20.288945	
0.034877	38.316583	
0.035924	52.826633	
0.036047	55.904523	
0.037340	70.854271	
0.038017	80.087940	
0.038571	84.924623	
0.040111	88.002513	
0.041897	91.520101	
0.043251	93.278894	
0.042759	84.045226	
0.042266	68.655779	
0.041712	55.464824	
0.041096	44.032663	
0.040603	34.359296	
0.039865	23.366834	
0.039187	15.452261	
0.038571	7.977387	
0.037340	-3.015075	
0.038079	8.417085	
0.039495	24.246231	
0.040603	42.713568	
0.041404	59.861809	
0.042451	74.371859	
0.043436	82.726131	
0.043990	88.002513	
0.045037	90.201005	
0.046700	91.959799	
0.049163	91.959799	
0.051133	91.959799	
0.052611	91.520101	
0.052611	84.484925	
0.052057	77.010050	
0.051256	60.741206	
0.050517	47.110553	
0.049532	33.479899	
0.048855	19.849246	
0.047685	10.615578	
0.045037	-9.610553	
