0.000000	0.000000	
0.000559	-0.676590	
0.000839	2.571042	
0.001119	6.630582	
0.002517	9.066306	
0.001678	0.405954	
0.000559	-7.442490	
0.000000	-12.313938	
-0.000839	-16.102842	
-0.001678	-17.726658	
-0.003077	-19.350474	
-0.000839	-7.713126	
0.000000	-3.653586	
0.001119	4.465494	
0.003636	10.690122	
0.003357	4.736130	
0.002238	-1.217862	
0.001399	-5.006766	
0.001119	-9.878214	
0.000000	-13.937754	
-0.003636	-20.433018	
-0.001958	-10.960758	
-0.000559	-2.300406	
0.002797	7.442490	
0.005035	12.043302	
0.006713	14.479026	
0.005315	4.194858	
0.003916	-1.488498	
0.003357	-5.548038	
0.002517	-9.336942	
0.001399	-12.855210	
-0.005315	-21.786198	
-0.002517	-7.442490	
-0.000280	1.217862	
0.000559	5.006766	
0.005594	12.043302	
0.008671	16.644114	
0.007832	9.066306	
0.006993	3.112314	
0.005594	-1.488498	
0.004476	-7.171854	
0.003916	-10.419486	
0.002797	-13.667118	
0.000559	-16.373478	
-0.007552	-23.951286	
-0.006434	-14.479026	
-0.005315	-9.336942	
-0.003636	-4.736130	
-0.002238	0.676590	
-0.001399	3.653586	
-0.000280	5.548038	
0.010909	18.809202	
0.012587	20.703654	
0.010350	6.089310	
0.008671	-0.676590	
0.007273	-6.089310	
0.006434	-9.607578	
0.005315	-12.313938	
0.002517	-15.020298	
-0.009510	-24.763193	
-0.012028	-26.657645	
-0.007552	-6.359946	
-0.006434	-2.300406	
-0.005594	2.300406	
-0.004196	4.736130	
0.000280	8.254398	
0.010350	17.185386	
0.013986	23.139378	
0.016783	26.928281	
0.014266	11.502030	
0.012308	2.300406	
0.010909	-2.300406	
0.010070	-5.548038	
0.008392	-8.525034	
0.006713	-11.772666	
-0.014825	-30.446549	
-0.018462	-35.859269	
-0.022937	-40.460081	
-0.024615	-42.354533	
-0.019301	-18.809202	
-0.017902	-13.125846	
-0.015664	-6.630582	
-0.013147	-3.382950	
-0.008392	0.676590	
0.007832	14.749662	
0.019301	30.717185	
0.023776	37.753721	
0.024895	40.730717	
0.022378	23.951286	
0.019580	11.772666	
0.017622	4.465494	
0.016224	0.135318	
0.011469	-6.089310	
-0.010909	-27.198917	
-0.026853	-45.060893	
-0.031888	-50.202977	
-0.035524	-55.345061	
-0.041399	-61.569689	
-0.038322	-42.354533	
-0.035804	-35.317997	
-0.033566	-26.928281	
-0.031608	-20.974290	
-0.026573	-15.561570	
-0.020140	-9.336942	
-0.007832	-0.947226	
-0.003077	2.841678	
0.010350	15.561570	
0.015664	22.598106	
0.020699	29.634641	
0.022937	35.588633	
0.026294	45.331529	
0.029371	51.014885	
0.033287	57.239513	
0.036364	61.299053	
0.041678	65.358593	
0.040559	52.909337	
0.038322	38.565629	
0.035804	26.116373	
0.033287	16.373478	
0.030210	6.359946	
0.026573	-2.300406	
0.025455	-5.006766	
0.021818	-5.548038	
0.016503	-7.442490	
0.013706	-9.878214	
0.010350	-12.313938	
0.000000	-18.538566	
-0.015105	-29.634641	
-0.017343	-30.717185	
-0.019860	-32.611637	
-0.025734	-37.753721	
-0.030490	-43.978349	
-0.034685	-49.391069	
-0.038322	-52.097429	
-0.043077	-57.780785	
-0.047552	-62.652233	
-0.055105	-69.688769	
-0.058462	-72.124493	
-0.053706	-48.308525	
-0.050629	-36.400541	
-0.047552	-28.010825	
-0.045035	-22.868742	
-0.035804	-12.855210	
-0.028531	-8.254398	
-0.015664	-2.841678	
-0.003357	2.029770	
0.012587	10.960758	
0.018182	16.914750	
0.025175	25.304465	
0.032727	36.129905	
0.036923	47.767253	
0.041678	58.051421	
0.045315	62.110961	
0.050629	65.358593	
0.055664	66.711773	
0.058741	68.335589	
0.058462	64.005413	
0.057063	55.886333	
0.055105	49.932341	
0.053986	41.813261	
0.052028	33.964817	
0.049790	23.951286	
0.047832	18.267930	
0.046154	11.231394	
0.044196	5.548038	
0.041958	0.405954	
0.038601	-2.571042	
0.034126	-3.924222	
0.030210	-4.465494	
0.027972	-6.359946	
0.025175	-9.336942	
0.020140	-11.231394	
0.008671	-13.937754	
0.003636	-16.373478	
-0.008951	-22.327470	
-0.013147	-23.680650	
-0.016783	-26.116373	
-0.020420	-28.552097	
-0.023776	-31.529093	
-0.026294	-32.611637	
-0.029091	-35.859269	
-0.042238	-48.308525	
-0.052308	-59.675237	
-0.058462	-65.899865	
-0.055385	-52.368065	
-0.053706	-43.437077	
-0.049790	-30.987821	
-0.045874	-20.703654	
-0.040280	-15.020298	
-0.032168	-9.607578	
-0.022098	-5.277402	
0.013147	7.713126	
0.022378	13.396482	
0.029091	18.809202	
0.033007	22.598106	
0.038601	26.657645	
0.045594	36.671177	
0.049790	44.790257	
0.052867	49.391069	
0.057622	54.262517	
0.055664	40.460081	
0.053427	28.552097	
0.050629	17.997294	
0.047832	8.795670	
0.044476	2.571042	
0.041399	-1.217862	
0.032727	-4.465494	
0.026294	-8.254398	
0.012587	-13.396482	
0.001119	-17.456022	
-0.012308	-23.410014	
-0.019301	-27.469553	
-0.024056	-29.634641	
-0.027413	-31.258457	
-0.030769	-33.152909	
-0.032448	-34.776725	
-0.034406	-36.671177	
-0.039720	-41.001353	
-0.045315	-46.684709	
-0.049231	-51.556157	
-0.052867	-56.156969	
-0.059021	-61.840325	
-0.061818	-64.817321	
-0.064615	-64.546685	
-0.066573	-60.216509	
-0.066014	-52.097429	
-0.064336	-40.189445	
-0.061259	-30.175913	
-0.056783	-18.809202	
-0.052587	-12.584574	
-0.046434	-8.795670	
-0.037483	-5.548038	
-0.028252	-2.571042	
-0.016783	0.135318	
0.015385	8.795670	
0.025455	14.208390	
0.033287	19.350474	
0.037203	22.868742	
0.040559	24.763193	
0.045035	30.717185	
0.050629	39.106901	
0.055664	47.767253	
0.059580	53.721245	
0.063217	56.156969	
0.066573	58.051421	
0.067133	53.450609	
0.065734	47.767253	
0.062657	36.671177	
0.060420	25.304465	
0.057902	14.479026	
0.055944	8.254398	
0.053706	3.382950	
0.050909	0.135318	
0.046993	-2.841678	
0.042517	-4.736130	
0.029930	-7.983762	
0.015664	-12.313938	
-0.009231	-19.350474	
-0.017622	-22.598106	
-0.026573	-26.387009	
-0.037762	-31.799729	
-0.047832	-38.294993	
-0.056224	-45.331529	
-0.060420	-49.391069	
-0.064615	-51.556157	
-0.067133	-52.638701	
-0.062098	-40.189445	
-0.059580	-31.799729	
-0.057902	-28.281461	
-0.055664	-22.327470	
-0.054825	-19.891746	
-0.052867	-18.809202	
-0.049231	-15.020298	
-0.041678	-9.066306	
-0.033007	-5.548038	
-0.021818	-0.405954	
-0.013147	2.029770	
0.021538	11.231394	
0.031608	17.456022	
0.038322	21.515562	
0.044755	27.198917	
0.050070	31.258457	
0.056224	37.212449	
0.060699	41.271989	
0.062657	43.166441	
0.064336	41.001353	
0.067133	42.083897	
0.065175	32.611637	
0.061259	19.891746	
0.058741	11.772666	
0.054825	4.465494	
0.052587	1.217862	
0.049231	-1.217862	
0.045035	-3.924222	
0.039441	-5.006766	
-0.013427	-20.974290	
-0.023776	-24.221922	
-0.027972	-25.845737	
-0.032168	-27.740189	
-0.036084	-29.093369	
-0.041399	-31.799729	
-0.046154	-33.152909	
-0.052028	-34.235453	
-0.058182	-34.776725	
-0.063776	-35.317997	
-0.068531	-36.400541	
-0.074406	-38.294993	
-0.073287	-31.529093	
-0.070769	-23.410014	
-0.068252	-17.997294	
-0.065175	-13.667118	
-0.062937	-9.878214	
-0.055105	-6.901218	
-0.045874	-5.277402	
-0.033566	-3.382950	
-0.019860	-2.841678	
-0.009231	-0.947226	
0.021259	8.795670	
0.032168	15.020298	
0.043357	21.244926	
0.055664	30.446549	
0.059021	32.611637	
0.063217	33.423545	
0.068252	31.529093	
0.074965	32.070365	
0.076084	30.446549	
0.069650	15.561570	
0.065734	7.171854	
0.060699	-0.947226	
0.053986	-4.465494	
0.043916	-5.548038	
0.019021	-9.607578	
-0.012028	-13.667118	
-0.024056	-16.102842	
-0.036084	-18.809202	
-0.047273	-20.974290	
-0.063217	-23.139378	
-0.073566	-24.492558	
-0.074685	-24.763193	
-0.071888	-17.997294	
-0.058741	-7.713126	
-0.049231	-4.194858	
-0.019860	-0.135318	
0.024895	9.878214	
0.042797	14.208390	
0.056503	16.914750	
0.065175	17.185386	
0.071888	16.373478	
0.073566	15.020298	
0.075524	15.020298	
0.070490	7.713126	
0.062937	0.405954	
0.059301	-2.841678	
0.047552	-5.548038	
0.023497	-8.525034	
-0.014825	-14.479026	
-0.041399	-20.162382	
-0.058462	-22.056834	
-0.066014	-23.410014	
-0.071608	-23.951286	
-0.075245	-22.868742	
-0.073287	-19.621110	
-0.067413	-13.125846	
-0.052587	-5.006766	
-0.038042	-3.924222	
-0.012867	-0.676590	
0.008671	2.571042	
0.026014	4.465494	
0.041119	7.442490	
0.073846	13.396482	
