0.000000	0.000000	
0.000448	8.215159	
0.000627	14.865526	
0.001164	21.515892	
0.001612	28.948655	
0.002239	35.599022	
0.002777	42.249389	
0.000537	3.129584	
0.001702	25.819071	
0.002956	42.836186	
0.003314	48.117359	
0.004120	53.594132	
0.004479	56.723716	
0.005106	60.048900	
0.006001	63.178484	
0.005464	48.899756	
0.004658	37.750611	
0.003583	24.449878	
0.002239	10.757946	
0.000985	1.564792	
0.002150	16.821516	
0.002866	28.166259	
0.004210	40.684597	
0.004926	50.855746	
0.005733	60.440098	
0.005195	45.574572	
0.003762	30.513447	
0.002508	15.452323	
0.000985	1.760391	
0.002598	21.907090	
0.003941	37.359413	
0.005016	50.855746	
0.005733	60.440098	
0.006449	65.916870	
0.007345	69.828851	
0.008061	73.936430	
0.009226	77.848411	
0.010301	78.826406	
0.011107	76.870416	
0.010838	68.264059	
0.010122	56.332518	
0.009315	47.334963	
0.008061	34.229829	
0.007434	26.014670	
0.006180	13.496333	
0.005464	7.823961	
0.004658	1.760391	
0.003941	0.391198	
0.004389	8.019560	
0.005106	17.603912	
0.006001	26.601467	
0.006987	40.097800	
0.008061	52.616137	
0.008688	59.657702	
0.009226	65.525672	
0.010211	70.220049	
0.010569	74.914425	
0.011107	74.914425	
0.010659	65.330073	
0.009763	52.029340	
0.008509	40.488998	
0.007703	29.926650	
0.006449	16.625917	
0.005374	8.019560	
0.004747	4.303178	
0.004210	4.498778	
0.004747	13.691932	
0.006001	26.014670	
0.006807	35.012225	
0.007882	45.574572	
0.008868	55.158924	
0.009315	62.982885	
0.009853	67.677262	
0.010480	74.327628	
0.010928	78.044010	
0.011823	82.542787	
0.013167	84.694377	
0.014242	85.867971	
0.015227	84.889976	
0.015138	79.608802	
0.014242	69.828851	
0.013794	58.875306	
0.012540	42.640587	
0.011017	28.166259	
0.009942	15.256724	
0.008688	7.628362	
0.007524	2.151589	
0.007345	6.063570	
0.008061	16.625917	
0.009226	27.775061	
0.010480	39.511002	
0.011376	51.051345	
0.012540	62.004890	
0.013346	69.633252	
0.013973	75.892421	
0.014869	80.195599	
0.014779	75.696822	
0.013794	62.200489	
0.012540	45.965770	
0.011465	34.621027	
0.010569	23.667482	
0.009315	14.474328	
0.008151	4.889976	
0.007524	1.760391	
0.007882	10.953545	
0.008599	20.146699	
0.009674	29.926650	
0.011196	43.618582	
0.012182	55.158924	
0.013077	65.916870	
0.013884	73.936430	
0.014600	79.413203	
0.014869	83.325183	
0.015406	87.041565	
0.016571	89.388753	
0.018183	90.757946	
0.019437	90.953545	
0.019885	89.779951	
0.019706	80.391198	
0.019079	69.633252	
0.017825	56.723716	
0.017019	43.227384	
0.015675	30.513447	
0.014779	20.733496	
0.013884	13.496333	
0.012809	5.867971	
0.012271	1.955990	
0.011734	0.977995	
0.012182	10.366748	
0.012988	20.929095	
0.013615	29.535452	
0.014869	42.836186	
0.016212	53.789731	
0.017287	65.525672	
0.018004	74.327628	
0.018720	81.564792	
0.018989	84.889976	
0.019616	89.584352	
0.019974	85.476773	
0.019258	75.892421	
0.018631	65.330073	
0.017287	49.486553	
0.016302	36.185819	
0.014779	20.342298	
0.013346	8.606357	
0.011823	1.760391	
0.012092	9.975550	
0.012898	20.929095	
0.013525	28.166259	
0.014690	37.946210	
0.015765	47.921760	
0.016839	59.657702	
0.017198	64.743276	
0.018273	74.718826	
0.019079	82.347188	
0.019437	87.041565	
0.020422	92.518337	
0.021049	95.647922	
0.022482	97.408313	
0.023916	98.777506	
0.025170	99.951100	
0.027409	100.146699	
0.029200	100.146699	
0.029827	98.973105	
0.029827	92.322738	
0.029559	81.369193	
0.028573	67.481663	
0.027588	56.919315	
0.026244	42.249389	
0.025170	28.753056	
0.024543	22.493888	
0.023826	16.234719	
0.022930	10.171149	
0.021945	3.911980	
0.021049	0.782396	
0.020601	2.738386	
0.021228	11.344743	
0.022572	24.645477	
0.023826	36.968215	
0.025259	54.180929	
0.026871	71.980440	
0.027588	83.129584	
0.028842	89.975550	
0.029559	94.865526	
0.029648	89.193154	
0.029379	79.804401	
0.028573	68.264059	
0.027051	52.616137	
0.025797	37.163814	
0.024632	25.232274	
0.023647	15.647922	
0.022393	6.845966	
0.021855	3.716381	
0.021139	2.151589	
0.021408	8.997555	
0.021855	14.865526	
0.023020	24.058680	
0.024184	37.163814	
0.025080	50.464548	
0.026244	63.178484	
0.026961	74.523227	
0.027946	81.760391	
0.029111	88.019560	
0.029559	93.496333	
0.030633	98.386308	
0.031798	101.907090	
0.033141	103.863081	
0.034843	105.623472	
0.036635	106.992665	
0.037978	107.188264	
0.039322	107.383863	
0.040486	107.383863	
0.041292	106.210269	
0.042099	103.471883	
0.041919	98.190709	
0.041382	88.215159	
0.040576	75.501222	
0.039680	64.743276	
0.038157	48.117359	
0.036993	35.599022	
0.035829	22.298289	
0.034664	12.909535	
0.033589	6.845966	
0.032156	0.977995	
0.032246	9.584352	
0.033410	25.623472	
0.035470	43.618582	
0.036814	57.310513	
0.038605	74.914425	
0.040307	90.366748	
0.041024	96.430318	
0.041561	101.515892	
0.041919	103.471883	
0.041651	95.256724	
0.041472	87.041565	
0.040128	71.393643	
0.038784	55.354523	
0.037083	36.968215	
0.035649	22.493888	
0.034395	10.953545	
0.032873	2.151589	
0.032156	2.933985	
0.032335	9.388753	
0.033589	23.276284	
0.034754	36.381418	
0.036187	51.442543	
0.037799	67.286064	
0.039501	81.760391	
0.040665	92.127139	
0.041292	98.190709	
0.042188	105.819071	
0.042994	107.970660	
0.045054	109.339853	
0.047294	110.122249	
0.048996	110.513447	
0.049891	108.557457	
0.049802	103.471883	
0.049175	87.237164	
0.048727	75.305623	
0.046935	58.484108	
0.045681	44.009780	
0.044069	29.339853	
0.043442	22.689487	
0.041651	10.757946	
0.039770	1.173594	
0.039949	9.388753	
0.040038	14.083130	
0.040576	20.537897	
0.041830	32.273839	
0.043621	50.268949	
0.044786	62.982885	
0.045681	75.696822	
0.046935	85.281174	
0.047383	92.322738	
0.048548	99.755501	
0.049354	106.405868	
0.049891	106.601467	
0.049802	101.907090	
0.049443	89.193154	
0.048548	77.457213	
0.047831	68.068460	
0.045950	48.508557	
0.044248	31.687042	
0.043173	20.929095	
0.041919	12.518337	
0.039949	2.347188	
0.039949	6.063570	
0.040038	14.278729	
0.041472	29.926650	
0.042815	42.836186	
0.043800	54.963325	
0.045234	70.220049	
0.045861	78.435208	
0.047742	89.193154	
0.048637	98.190709	
0.049354	105.427873	
0.050429	109.731051	
0.051056	111.687042	
0.053474	112.860636	
0.055803	114.229829	
0.058669	115.207824	
0.059834	114.425428	
0.060102	111.491443	
0.059565	101.320293	
0.059207	89.779951	
0.058759	82.933985	
0.058401	74.914425	
0.057594	66.112469	
0.056699	57.897311	
0.056072	47.726161	
0.055176	38.337408	
0.053564	25.623472	
0.052847	17.408313	
0.051951	11.735941	
0.050518	6.650367	
0.049891	2.151589	
0.048727	0.391198	
0.049264	11.735941	
0.049533	17.408313	
0.051414	33.251834	
0.052220	44.596577	
0.053922	60.635697	
0.054549	70.220049	
0.055445	78.435208	
0.056967	89.388753	
0.057953	96.821516	
0.058848	102.885086	
0.059386	107.970660	
0.059834	111.100244	
0.059655	102.885086	
0.058848	87.041565	
0.058132	75.696822	
0.057236	63.569682	
0.056161	50.073350	
0.054997	38.337408	
0.053832	28.557457	
0.052937	19.168704	
0.051772	11.735941	
0.050966	7.041565	
0.050339	3.325183	
0.049443	2.933985	
0.049264	6.845966	
0.051235	26.601467	
0.052758	41.662592	
0.053653	55.550122	
0.054907	68.459658	
0.055713	77.457213	
0.057147	89.779951	
0.058669	101.515892	
0.059565	109.339853	
0.060461	113.447433	
0.061356	115.794621	
0.062790	117.359413	
0.065118	118.924205	
0.067268	118.728606	
0.068970	119.511002	
0.069866	119.902200	
0.070313	117.359413	
0.070403	114.229829	
0.070403	106.405868	
0.070313	98.386308	
0.070045	90.953545	
0.069060	79.022005	
0.068253	66.894866	
0.066910	53.007335	
0.066372	45.574572	
0.065566	35.599022	
0.064491	28.166259	
0.064044	22.102689	
0.062700	14.865526	
0.061715	8.215159	
0.060909	3.911980	
0.060013	0.782396	
0.059296	0.586797	
0.059296	10.562347	
0.059655	17.017115	
0.061177	33.056235	
0.063685	54.963325	
0.065477	76.088020	
0.067447	92.322738	
0.068433	104.058680	
0.069149	110.513447	
0.069955	114.034230	
0.069955	107.970660	
0.070134	100.733496	
0.069687	90.171149	
0.069149	79.413203	
0.068253	68.459658	
0.067358	56.723716	
0.066372	47.139364	
0.065566	36.381418	
0.064044	26.405868	
0.062700	16.430318	
0.061804	8.801956	
0.060640	4.303178	
0.059296	2.151589	
0.059655	12.127139	
0.060550	20.733496	
0.061983	35.794621	
0.062610	44.009780	
0.063417	53.202934	
0.064850	67.481663	
0.065925	78.239609	
0.067268	90.366748	
0.067985	98.973105	
0.068880	107.188264	
0.070045	113.447433	
0.070672	118.728606	
0.071567	120.293399	
0.073448	121.662592	
0.075777	121.662592	
0.077748	122.640587	
0.079091	122.836186	
0.080166	120.880196	
0.079629	108.361858	
0.079271	98.386308	
0.079271	92.322738	
0.078285	81.955990	
0.077300	68.655257	
0.076315	57.506112	
0.075419	48.899756	
0.074255	37.163814	
0.073538	28.948655	
0.072642	21.907090	
0.071926	15.647922	
0.070940	10.366748	
0.070134	6.650367	
0.069149	3.129584	
0.067985	1.369193	
0.068612	12.518337	
0.069687	25.819071	
0.071209	40.097800	
0.072821	57.506112	
0.073807	72.762836	
0.074792	80.977995	
0.075419	89.779951	
0.076852	98.386308	
0.078017	107.383863	
0.078733	110.709046	
0.079181	116.185819	
0.079898	117.946210	
0.079450	107.383863	
0.079181	94.669927	
0.078733	82.738386	
0.077390	68.264059	
0.075240	48.312958	
0.073717	31.882641	
0.072015	18.973105	
0.070940	10.562347	
0.069776	4.889976	
0.068522	1.955990	
0.068522	7.823961	
0.069955	26.014670	
0.071836	44.400978	
0.073359	62.004890	
0.074523	74.132029	
0.075688	85.867971	
0.076494	94.278729	
0.077121	101.711491	
0.078106	108.753056	
0.079539	116.772616	
0.080435	120.488998	
0.080883	122.640587	
0.082316	124.009780	
0.084107	124.596577	
0.085720	124.792176	
0.087332	124.987775	
0.088228	124.205379	
0.089303	122.053790	
0.089482	118.728606	
0.089571	113.838631	
0.089661	109.535452	
0.089392	102.493888	
0.089303	97.017115	
0.088855	90.757946	
0.087780	78.044010	
0.086974	69.046455	
0.085809	59.853301	
0.085361	51.638142	
0.084197	41.858191	
0.083033	31.882641	
0.082047	22.689487	
0.080793	15.256724	
0.080077	8.606357	
0.078644	3.325183	
0.077031	0.391198	
0.077210	9.388753	
0.078733	23.667482	
0.080166	39.119804	
0.081779	56.332518	
0.083480	71.393643	
0.085003	88.410758	
0.086795	106.014670	
0.087780	113.838631	
0.088317	118.533007	
0.088855	120.880196	
0.089392	121.662592	
0.089482	118.337408	
0.089392	112.469438	
0.089571	105.036675	
0.089213	97.995110	
0.088496	90.953545	
0.087511	76.674817	
0.086436	65.721271	
0.085093	51.833741	
0.083928	41.466993	
0.082764	30.122249	
0.081510	20.146699	
0.080525	13.300733	
0.079718	8.606357	
0.078464	4.303178	
0.077121	1.955990	
0.077390	6.259169	
0.078375	17.212714	
0.079808	31.882641	
0.081779	47.530562	
0.082943	60.635697	
0.085272	85.867971	
0.087063	100.146699	
0.087869	109.144254	
0.088765	117.359413	
0.089482	122.249389	
0.090109	124.792176	
0.091452	125.965770	
0.093423	126.943765	
0.095841	127.530562	
0.097991	127.921760	
0.099514	127.530562	
0.099782	124.596577	
0.099603	117.163814	
0.099603	110.122249	
0.098797	97.995110	
0.097812	84.889976	
0.096737	74.132029	
0.095304	60.440098	
0.093960	46.748166	
0.092796	34.621027	
0.091721	24.449878	
0.090557	17.799511	
0.089571	10.562347	
0.088855	5.672372	
0.087869	2.151589	
0.086974	0.586797	
0.086526	0.586797	
0.086436	4.498778	
0.087422	14.669927	
0.088586	24.841076	
0.088944	31.882641	
0.089750	40.293399	
0.090915	50.464548	
0.092258	62.396088	
0.093423	73.936430	
0.094766	84.694377	
0.095573	93.887531	
0.096558	104.254279	
0.097454	112.273839	
0.098618	116.772616	
0.099424	118.141809	
0.099155	109.926650	
0.098618	100.733496	
0.097991	92.518337	
0.096827	76.088020	
0.096558	67.872861	
0.094587	52.616137	
0.093512	47.921760	
0.092796	36.772616	
0.091542	28.557457	
0.090557	19.364303	
0.089840	13.300733	
0.088944	8.410758	
0.088049	5.281174	
0.086705	2.542787	
0.087153	9.779951	
0.089123	26.992665	
0.089482	30.513447	
0.090288	37.750611	
0.091004	44.792176	
0.091363	52.224939	
0.092975	65.134474	
0.093960	77.066015	
0.094946	85.085575	
0.095752	91.540342	
0.096916	104.058680	
0.097812	111.100244	
0.098708	118.728606	
0.099245	122.836186	
0.100051	126.356968	
0.101036	128.117359	
0.102649	130.073350	
0.105246	131.051345	
0.108023	131.051345	
0.108919	131.051345	
0.109277	126.748166	
0.109187	119.315403	
0.109367	110.317848	
0.108740	101.907090	
0.107844	94.669927	
0.107127	85.085575	
0.106500	72.958435	
0.105515	62.004890	
0.104261	49.095355	
0.103455	40.293399	
0.102828	33.056235	
0.101663	25.232274	
0.101036	20.342298	
0.100499	15.647922	
0.099514	8.215159	
0.098528	4.303178	
0.097633	0.977995	
0.096647	2.347188	
0.096379	7.041565	
0.096558	15.647922	
0.098618	32.860636	
0.100320	49.682152	
0.102290	69.828851	
0.103634	87.432763	
0.104978	100.342298	
0.105963	112.860636	
0.107486	121.271394	
0.108381	125.378973	
0.109456	126.161369	
0.109277	114.229829	
0.108381	100.342298	
0.107127	82.542787	
0.105425	63.178484	
0.103724	48.704156	
0.103007	37.359413	
0.101395	26.405868	
0.099603	13.105134	
0.098618	6.259169	
0.096558	0.391198	
0.096110	4.498778	
0.096916	11.931540	
0.098976	28.753056	
0.100947	49.095355	
0.102470	62.787286	
0.103724	78.239609	
0.104888	88.410758	
0.106052	100.733496	
0.107217	110.513447	
0.107844	117.946210	
0.108650	121.858191	
0.109187	125.574572	
0.110262	129.877751	
0.111785	132.224939	
0.113935	132.616137	
0.116891	132.616137	
0.118592	132.420538	
0.119488	130.073350	
0.119488	125.770171	
0.119488	119.315403	
0.119667	112.860636	
0.118503	94.474328	
0.117786	81.369193	
0.115816	60.635697	
0.114024	43.814181	
0.113218	32.469438	
0.112054	25.819071	
0.111248	18.973105	
0.110262	12.518337	
0.109546	8.801956	
0.108471	3.716381	
0.107396	1.760391	
0.106321	3.129584	
0.106321	7.237164	
0.106321	10.757946	
0.109904	44.792176	
0.112233	68.655257	
0.113845	86.454768	
0.115547	103.471883	
0.116443	110.904645	
0.117249	115.403423	
0.117697	118.141809	
0.118324	121.075795	
0.118861	124.009780	
0.119578	123.618582	
0.119667	120.293399	
0.119667	112.665037	
0.118951	99.951100	
0.116353	70.024450	
0.114830	51.442543	
0.113397	35.599022	
0.111875	23.471883	
0.110262	13.887531	
0.108650	6.063570	
0.106590	1.173594	
0.107127	7.628362	
0.108023	19.559902	
0.110352	40.880196	
0.111516	52.811736	
0.112770	66.503667	
0.113397	76.479218	
0.115189	92.127139	
0.115905	102.298289	
0.117070	111.882641	
0.117786	117.946210	
0.118682	124.596577	
0.119757	129.095355	
0.120473	132.811736	
0.122444	134.180929	
0.124325	134.572127	
0.126564	134.767726	
0.127997	134.376528	
0.129431	133.398533	
0.129789	130.464548	
0.129789	125.574572	
0.129878	119.315403	
0.129878	114.034230	
0.128893	101.124694	
0.127012	79.413203	
0.125579	61.026895	
0.123608	41.858191	
0.121996	29.144254	
0.121100	20.146699	
0.120115	14.474328	
0.118682	7.432763	
0.117518	2.542787	
0.116264	0.391198	
0.115637	2.933985	
0.115995	8.019560	
0.116711	15.452323	
0.117965	26.992665	
0.119399	39.511002	
0.120473	49.682152	
0.121280	60.244499	
0.122981	77.457213	
0.124504	92.909535	
0.125042	101.515892	
0.126743	111.100244	
0.127370	116.968215	
0.128535	123.814181	
0.129341	127.921760	
0.129610	129.877751	
0.129878	119.706601	
0.129610	108.166259	
0.128804	98.973105	
0.127729	83.325183	
0.126027	63.374083	
0.124056	44.596577	
0.122623	32.860636	
0.121190	22.102689	
0.119578	13.105134	
0.118145	6.259169	
0.116801	1.955990	
0.115637	2.738386	
0.116084	9.779951	
