0.000000	0.000000	
0.000819	9.095967	
-0.000273	1.029207	
-0.000910	-6.759388	
-0.000455	0.194715	
0.001275	15.354659	
-0.000182	0.751043	
-0.002458	-18.581363	
-0.000182	0.890125	
0.001093	13.546592	
0.001912	18.692629	
0.002458	23.421419	
0.004097	29.541029	
0.003278	23.282337	
0.001821	14.937413	
0.000910	7.566064	
-0.000182	1.446453	
-0.001366	-9.123783	
-0.002458	-18.720445	
-0.003369	-24.144645	
-0.004188	-29.429764	
-0.004917	-31.098748	
-0.003278	-20.528512	
-0.001548	-8.845619	
-0.000455	0.472879	
0.000455	8.122392	
0.002003	16.745480	
0.003187	24.534075	
0.004006	27.593880	
0.005645	31.070932	
0.007011	33.852573	
0.008741	36.356050	
0.009742	37.746871	
0.009651	34.826147	
0.007830	27.872045	
0.005008	15.215577	
0.003642	9.930459	
0.002276	7.148818	
0.000637	3.532684	
-0.000273	0.055633	
-0.000819	-2.865090	
-0.001821	-11.070932	
-0.002640	-18.581363	
-0.003551	-24.283727	
-0.004188	-27.899861	
-0.005099	-31.933241	
-0.006191	-34.714882	
-0.007648	-37.774687	
-0.009196	-40.139082	
-0.010653	-40.834492	
-0.010197	-34.993046	
-0.009014	-26.091794	
-0.007466	-16.495132	
-0.005827	-9.819193	
-0.004825	-5.368567	
-0.003824	-2.726008	
-0.002458	-0.222531	
-0.001184	2.002782	
0.000910	5.062587	
0.002367	8.122392	
0.004006	11.599444	
0.005554	17.579972	
0.006646	22.447844	
0.007557	27.315716	
0.008741	31.766342	
0.009469	33.991655	
0.009469	32.183588	
0.008103	26.759388	
0.005827	15.354659	
0.004552	8.956885	
0.003278	5.897079	
0.001275	1.724618	
-0.000546	-0.639777	
-0.001912	-2.726008	
-0.003187	-5.507650	
-0.004552	-11.905424	
-0.008194	-27.482615	
-0.011017	-37.635605	
-0.010015	-31.515994	
-0.008467	-22.336579	
-0.006920	-15.938804	
-0.005736	-11.488178	
-0.004461	-6.342142	
-0.003460	-3.004172	
-0.002094	-1.752434	
-0.000455	0.055633	
0.001457	2.698192	
0.003369	7.426982	
0.004825	13.268428	
0.006373	21.057024	
0.007739	26.620306	
0.008649	30.653686	
0.009560	34.965229	
0.009560	32.739917	
0.008923	29.401947	
0.007102	22.030598	
0.006191	17.162726	
0.004825	11.599444	
0.003824	7.566064	
0.002458	4.506259	
0.000546	0.751043	
-0.001093	-1.057024	
-0.002549	-3.421419	
-0.003369	-5.368567	
-0.004279	-9.680111	
-0.006737	-20.250348	
-0.008467	-27.343533	
-0.010744	-36.522949	
-0.008649	-25.396384	
-0.006920	-17.051460	
-0.005099	-9.541029	
-0.004006	-5.090403	
-0.003005	-2.169680	
-0.002276	-0.639777	
-0.001730	0.890125	
-0.000364	2.559110	
0.001366	5.618915	
0.003005	8.678720	
0.004461	12.294854	
0.006282	19.388039	
0.007375	25.090403	
0.009196	30.097357	
0.010470	32.739917	
0.012838	35.938804	
0.015023	38.581363	
0.017663	41.084840	
0.020121	43.588317	
0.021760	44.840056	
0.022398	44.840056	
0.022671	43.588317	
0.021123	34.130737	
0.018938	23.282337	
0.017663	17.858136	
0.017026	15.076495	
0.015569	12.016690	
0.012291	6.175243	
0.009469	2.837274	
0.005190	-1.752434	
0.002003	-4.255911	
-0.000455	-7.037552	
-0.002276	-9.123783	
-0.004370	-11.349096	
-0.005554	-13.435327	
-0.007193	-19.415855	
-0.008649	-27.621697	
-0.009742	-33.184979	
-0.011199	-37.774687	
-0.012291	-39.165508	
-0.014021	-41.529903	
-0.016571	-44.033380	
-0.018300	-45.424200	
-0.020303	-46.954103	
-0.021669	-48.066759	
-0.022853	-48.344924	
-0.023126	-46.397775	
-0.022307	-42.225313	
-0.020121	-32.211405	
-0.018847	-25.257302	
-0.017208	-16.634214	
-0.015660	-10.514604	
-0.014112	-4.394993	
-0.012838	-0.639777	
-0.011017	2.976356	
-0.009014	5.757997	
-0.006191	8.956885	
-0.002276	12.573018	
0.004279	17.162726	
0.010015	20.361613	
0.013111	21.891516	
0.014568	23.004172	
0.016024	25.646732	
0.018300	32.183588	
0.021123	39.694019	
0.022215	42.058414	
0.022580	42.058414	
0.022307	40.389430	
0.020121	29.123783	
0.018665	22.169680	
0.017572	17.023644	
0.015569	11.460362	
0.014294	8.122392	
0.011563	3.532684	
0.007921	-0.500695	
0.004097	-4.951321	
0.001093	-8.289291	
-0.002640	-11.488178	
-0.007102	-14.826147	
-0.009378	-16.912378	
-0.013111	-19.415855	
-0.015205	-22.058414	
-0.016388	-26.230876	
-0.017936	-30.681502	
-0.019211	-34.297636	
-0.020486	-37.218359	
-0.021578	-39.304590	
-0.022398	-40.834492	
-0.023308	-41.112656	
-0.023308	-39.026426	
-0.021760	-29.012517	
-0.020486	-22.058414	
-0.019302	-16.912378	
-0.018118	-13.018081	
-0.016753	-10.375522	
-0.015478	-7.872045	
-0.012929	-4.673157	
-0.010197	-1.057024	
-0.007011	2.141864	
-0.002458	6.592490	
0.001912	11.043115	
0.006191	14.798331	
0.009105	17.301808	
0.011563	19.666203	
0.013293	21.613352	
0.014932	23.699583	
0.016480	27.593880	
0.018118	32.878999	
0.020212	37.746871	
0.021578	40.806676	
0.022215	42.058414	
0.022580	42.058414	
0.021851	38.859527	
0.018847	24.534075	
0.017390	17.579972	
0.015660	11.877608	
0.014294	8.400556	
0.012838	5.618915	
0.009469	1.029207	
0.005827	-2.726008	
0.001730	-7.176634	
-0.001912	-10.236439	
-0.004917	-12.739917	
-0.009105	-16.495132	
-0.011927	-18.303199	
-0.014659	-20.806676	
-0.016297	-22.197497	
-0.017572	-23.727399	
-0.018756	-27.065369	
-0.019848	-31.098748	
-0.021305	-35.271210	
-0.022124	-37.357441	
-0.023126	-39.026426	
-0.021942	-31.098748	
-0.020486	-24.005563	
-0.019211	-17.607789	
-0.018300	-13.991655	
-0.016206	-10.097357	
-0.014932	-7.454798	
-0.011381	-2.726008	
-0.007921	1.307371	
-0.004279	4.923505	
-0.000273	9.095967	
0.003642	12.155772	
0.008194	16.328234	
0.012291	20.222531	
0.014476	23.282337	
0.016388	26.898470	
0.017117	28.845619	
0.019120	31.349096	
0.020486	33.991655	
0.021851	37.190542	
0.024036	40.389430	
0.026495	43.031989	
0.029681	45.535466	
0.032504	47.621697	
0.034598	48.734353	
0.034507	43.727399	
0.033869	38.859527	
0.033141	35.382476	
0.031593	27.593880	
0.029954	21.891516	
0.028680	17.440890	
0.027496	14.381085	
0.024765	9.095967	
0.022398	5.757997	
0.020121	2.698192	
0.016115	-1.474270	
0.013202	-4.534075	
0.009924	-7.593880	
0.006282	-10.931850	
0.002367	-13.713491	
-0.001548	-15.938804	
-0.004643	-17.746871	
-0.009378	-19.415855	
-0.013384	-20.667594	
-0.015660	-21.502086	
-0.016935	-22.892907	
-0.018209	-24.561892	
-0.019575	-29.568846	
-0.021487	-35.549374	
-0.022580	-38.331015	
-0.025311	-42.086231	
-0.027587	-44.311544	
-0.030319	-46.258693	
-0.033596	-48.623088	
-0.034962	-48.901252	
-0.035873	-48.901252	
-0.034416	-38.887344	
-0.032322	-29.707928	
-0.030592	-20.806676	
-0.029226	-14.826147	
-0.027951	-9.958275	
-0.026677	-6.063978	
-0.024310	-2.447844	
-0.022124	0.472879	
-0.019575	2.420028	
-0.017299	5.062587	
-0.013657	8.817803	
-0.008467	12.294854	
-0.003915	15.076495	
0.001093	17.023644	
0.006464	19.666203	
0.010835	22.030598	
0.016753	25.229485	
0.021032	26.898470	
0.023945	28.428373	
0.025766	30.931850	
0.028407	36.634214	
0.030774	40.667594	
0.032686	43.727399	
0.034052	45.535466	
0.034689	45.674548	
0.034962	43.449235	
0.034689	41.780250	
0.031775	30.375522	
0.029590	22.169680	
0.027769	14.798331	
0.025857	10.486787	
0.022944	5.479833	
0.020486	2.002782	
0.017845	1.029207	
0.015842	-0.083449	
0.012018	-2.726008	
0.007284	-6.620306	
0.002185	-10.792768	
-0.001275	-13.018081	
-0.004188	-15.243394	
-0.006464	-15.938804	
-0.009833	-16.912378	
-0.012109	-18.303199	
-0.016024	-21.780250	
-0.018574	-23.866481	
-0.023581	-26.091794	
-0.025402	-27.343533	
-0.026313	-28.734353	
-0.027860	-31.098748	
-0.030046	-36.244784	
-0.031866	-39.443672	
-0.033505	-41.947149	
-0.034598	-43.616134	
-0.035781	-44.172462	
-0.035781	-41.947149	
-0.034234	-31.376912	
-0.032504	-23.171071	
-0.031775	-19.137691	
-0.030774	-16.773296	
-0.029499	-14.269819	
-0.027405	-10.514604	
-0.025311	-7.454798	
-0.023490	-4.255911	
-0.021305	-1.474270	
-0.019484	-0.083449	
-0.016206	1.585535	
-0.010470	6.036161	
-0.004734	10.764951	
0.003460	17.301808	
0.008467	20.083449	
0.012929	22.586926	
0.017845	25.229485	
0.021669	26.898470	
0.024219	28.150209	
0.025948	30.236439	
0.028589	34.269819	
0.030592	37.746871	
0.032595	40.945758	
0.033687	42.475661	
0.034143	42.892907	
0.034507	42.892907	
0.034416	41.223922	
0.032504	33.574409	
0.030683	25.646732	
0.028680	18.414465	
0.026859	13.407510	
0.024583	8.539638	
0.023308	5.897079	
0.021760	3.532684	
0.020212	1.724618	
0.017754	0.751043	
0.015296	-0.361613	
0.012564	-2.726008	
0.009560	-5.090403	
0.004188	-9.262865	
0.000273	-12.600834	
-0.003278	-14.547983	
-0.007011	-15.799722	
-0.010561	-17.746871	
-0.014568	-20.945758	
-0.018027	-23.031989	
-0.022033	-25.118220	
-0.026768	-27.621697	
-0.027951	-28.178025	
-0.029135	-29.290682	
-0.031047	-32.489569	
-0.032322	-34.853964	
-0.033778	-37.913769	
-0.034962	-39.860918	
-0.035599	-41.668985	
-0.035144	-36.940195	
-0.033869	-29.429764	
-0.033141	-25.535466	
-0.031958	-20.945758	
-0.030865	-16.773296	
-0.028316	-12.183588	
-0.026039	-8.289291	
-0.023399	-4.534075	
-0.021487	-2.586926	
-0.019393	-0.778860	
-0.016753	1.029207	
-0.012929	3.949930	
-0.008376	7.566064	
-0.002458	12.990264	
0.001548	15.632823	
0.007739	19.666203	
0.014203	23.143255	
0.018847	25.785814	
0.023854	28.428373	
0.026313	30.653686	
0.028134	31.488178	
0.029408	32.878999	
0.031138	34.965229	
0.033050	37.885953	
0.034962	41.363004	
0.037238	43.727399	
0.040243	46.648122	
0.042883	49.707928	
0.045615	51.237830	
0.047253	51.933241	
0.046434	44.283727	
0.044977	35.382476	
0.043885	29.123783	
0.042428	23.421419	
0.041062	19.109875	
0.039514	15.632823	
0.037238	10.347705	
0.034962	6.870654	
0.032595	3.810848	
0.030592	1.585535	
0.027951	-0.083449	
0.025675	-1.613352	
0.023308	-3.282337	
0.020850	-4.951321	
0.018392	-6.481224	
0.015114	-9.401947	
0.012382	-11.488178	
0.009105	-12.878999	
0.005190	-14.826147	
0.000728	-16.912378	
-0.003460	-18.442281	
-0.007284	-19.276773	
-0.011836	-20.806676	
-0.015478	-22.058414	
-0.018483	-23.588317	
-0.020941	-24.561892	
-0.024310	-26.091794	
-0.026131	-26.926287	
-0.027678	-28.038943	
-0.029226	-29.012517	
-0.030410	-31.237830	
-0.031229	-33.324061	
-0.032504	-36.244784	
-0.033596	-38.609179	
-0.035144	-40.834492	
-0.036783	-42.920723	
-0.038604	-44.867872	
-0.040880	-47.093185	
-0.043794	-48.762170	
-0.045888	-50.431154	
-0.047709	-51.404729	
-0.048255	-50.570236	
-0.046252	-37.774687	
-0.043976	-26.091794	
-0.042792	-19.694019	
-0.041335	-13.574409	
-0.039970	-9.819193	
-0.038331	-6.342142	
-0.036601	-3.282337	
-0.033505	-0.361613	
-0.030683	1.585535	
-0.027587	3.671766	
-0.024127	6.036161	
-0.021305	8.261474	
-0.015114	11.043115	
-0.008467	14.937413	
-0.001093	17.858136	
0.006009	21.196106	
0.012382	24.673157	
0.023763	28.567455	
0.029863	30.097357	
0.034416	31.766342	
0.036601	33.852573	
0.040698	39.833102	
0.043794	44.700974	
0.045524	47.204451	
0.047162	48.734353	
0.047253	45.674548	
0.046434	40.945758	
0.044795	32.739917	
0.043247	26.759388	
0.041153	20.222531	
0.039241	14.659249	
0.037329	10.904033	
0.035599	8.122392	
0.033232	4.506259	
0.031047	2.002782	
0.028316	0.333797	
0.024401	-1.613352	
0.019302	-4.255911	
0.013384	-7.454798	
0.009014	-9.958275	
0.004097	-12.739917	
-0.000091	-16.077886	
-0.004552	-18.025035	
-0.011927	-20.528512	
-0.017390	-23.310153	
-0.024127	-25.674548	
-0.029499	-27.899861	
-0.033323	-28.734353	
-0.036419	-30.403338	
-0.037967	-31.794159	
-0.039605	-33.880389	
-0.041426	-37.218359	
-0.042974	-40.278164	
-0.044704	-43.059805	
-0.046161	-44.589708	
-0.047800	-45.980529	
-0.048437	-46.815021	
-0.047891	-40.278164	
-0.046161	-30.820584	
-0.044886	-23.588317	
-0.043885	-19.554937	
-0.041973	-15.660640	
-0.039879	-11.488178	
-0.037693	-8.011127	
-0.035781	-5.229485	
-0.034234	-3.143255	
-0.031684	-1.057024	
-0.028862	0.472879	
-0.025402	2.280946	
-0.021123	4.367177	
-0.017208	6.592490	
-0.014750	8.261474	
-0.009924	11.877608	
-0.005554	14.798331	
-0.000273	17.301808	
0.005281	19.805285	
0.012018	23.282337	
0.025402	28.567455	
0.030137	29.819193	
0.034962	32.044506	
0.037147	33.018081	
0.039150	34.965229	
0.041517	38.303199	
0.043612	41.780250	
0.045706	44.561892	
0.046525	46.091794	
0.046707	45.257302	
0.045159	37.190542	
0.044340	33.018081	
0.042883	26.759388	
0.041244	20.361613	
0.039514	15.910987	
0.038149	12.712100	
0.036510	9.930459	
0.034416	6.453408	
0.032322	3.115438	
0.029590	1.446453	
0.024310	-1.752434	
0.020030	-3.838665	
0.014841	-6.481224	
0.007830	-10.514604	
0.000364	-15.799722	
-0.009378	-19.833102	
-0.017390	-23.449235	
-0.023217	-25.535466	
-0.032231	-28.456189	
-0.035417	-29.847010	
-0.037967	-30.820584	
-0.040152	-31.794159	
-0.041791	-33.602225	
-0.043794	-36.383866	
-0.045250	-39.582754	
-0.047162	-42.225313	
-0.048346	-43.616134	
-0.046616	-34.993046	
-0.045250	-25.813630	
-0.043976	-21.084840	
-0.042701	-17.329624	
-0.040698	-13.157163	
-0.038786	-9.680111	
-0.036692	-6.481224	
-0.034325	-3.421419	
-0.030956	-0.778860	
-0.027314	1.029207	
-0.022944	3.810848	
-0.018392	6.175243	
-0.014203	8.400556	
-0.010197	11.738526	
-0.006282	13.963839	
-0.001457	17.162726	
0.003005	19.388039	
0.009469	22.865090	
0.015478	26.898470	
0.019757	29.262865	
0.022580	30.236439	
0.027314	31.766342	
0.032595	33.157163	
0.036055	33.713491	
0.038968	35.104312	
0.041244	35.938804	
0.043247	37.607789	
0.047527	43.449235	
0.050895	47.621697	
0.054082	50.681502	
0.056085	52.628651	
0.057815	53.880389	
0.058998	54.575800	
0.059454	53.741307	
0.058361	45.813630	
0.056176	34.965229	
0.054173	24.673157	
0.052807	19.388039	
0.051168	15.493741	
0.049621	12.016690	
0.048073	9.235049	
0.046525	6.453408	
0.045250	5.062587	
0.043612	3.115438	
0.041335	1.446453	
0.037967	-0.361613	
0.030592	-3.699583	
0.021851	-7.176634	
0.017663	-8.845619	
0.013202	-11.070932	
0.006920	-13.991655	
0.000910	-16.077886	
-0.008923	-18.581363	
-0.013202	-20.250348	
-0.020030	-24.283727	
-0.028862	-27.482615	
-0.033505	-28.873435	
-0.036419	-29.707928	
-0.039879	-31.376912	
-0.041517	-32.211405	
-0.042792	-33.184979	
-0.044613	-36.383866	
-0.046252	-40.000000	
-0.048619	-43.059805	
-0.050531	-45.563282	
-0.052534	-47.788595	
-0.055266	-50.152990	
-0.058088	-51.961057	
-0.059636	-52.795549	
-0.060728	-53.073713	
-0.060091	-45.980529	
-0.057360	-31.515994	
-0.055994	-25.396384	
-0.054992	-19.833102	
-0.052898	-12.600834	
-0.051168	-8.984701	
-0.049256	-6.203060	
-0.047436	-3.699583	
-0.044249	-1.196106	
-0.040880	0.751043	
-0.037420	2.420028	
-0.031775	5.479833	
-0.026313	8.817803	
-0.020668	12.155772	
-0.015205	15.493741	
-0.010197	18.275382	
-0.006555	20.222531	
-0.002367	22.308762	
0.002003	23.421419	
0.010470	26.342142	
0.024127	30.236439	
0.034689	32.044506	
0.040334	32.878999	
0.044249	33.991655	
0.047891	35.521558	
0.050986	38.303199	
0.054173	43.310153	
0.056540	46.787204	
0.058725	49.151599	
0.059454	50.125174	
0.059363	47.343533	
0.058270	40.250348	
0.056904	33.991655	
0.055266	27.315716	
0.054082	23.143255	
0.052807	19.388039	
0.051442	15.493741	
0.050167	12.990264	
0.048619	10.486787	
0.046889	7.426982	
0.045432	5.062587	
0.042974	2.420028	
0.040243	0.472879	
0.036055	-1.335188	
0.031502	-3.143255	
0.023672	-6.342142	
0.016844	-9.123783	
0.010926	-12.739917	
0.001457	-17.190542	
-0.006191	-19.833102	
-0.013384	-22.336579	
-0.019939	-25.257302	
-0.026859	-27.343533	
-0.033596	-29.568846	
-0.039332	-31.376912	
-0.043429	-32.628651	
-0.047891	-34.158554	
-0.049621	-34.436718	
-0.051442	-35.132128	
-0.052534	-36.383866	
-0.054992	-39.860918	
-0.057178	-43.337969	
-0.058725	-45.285118	
-0.059636	-46.675939	
-0.060728	-47.510431	
-0.060728	-44.867872	
-0.060000	-38.748261	
-0.058725	-31.515994	
-0.057633	-25.813630	
-0.055994	-21.223922	
-0.053627	-16.495132	
-0.051897	-13.157163	
-0.050076	-10.097357	
-0.048619	-7.593880	
-0.046980	-5.090403	
-0.045250	-2.865090	
-0.042519	-0.639777	
-0.039059	1.168289	
-0.036055	2.837274	
-0.033141	3.810848	
-0.028134	5.897079	
-0.023308	7.426982	
-0.019666	9.095967	
-0.013566	12.712100	
-0.008923	15.910987	
-0.001730	19.527121	
0.004825	22.726008	
0.011745	24.673157	
0.023672	28.289291	
0.030046	29.680111	
0.036237	31.488178	
0.042337	32.878999	
0.047891	34.687065	
0.050440	35.938804	
0.051806	37.190542	
0.053991	40.111266	
0.056540	44.005563	
0.058543	46.509040	
0.060000	48.038943	
0.058907	42.336579	
0.056813	34.408901	
0.055357	28.011127	
0.052989	19.944367	
0.051077	14.520167	
0.049165	11.043115	
0.047162	7.705146	
0.045341	4.784423	
0.043520	2.976356	
0.039150	0.055633	
0.033232	-2.865090	
0.019939	-8.150209	
0.012929	-11.349096	
0.008649	-13.018081	
0.003460	-15.382476	
-0.005281	-18.859527	
-0.010470	-20.945758	
-0.022215	-25.952712	
-0.035235	-29.986092	
-0.044795	-32.767733	
-0.050804	-34.297636	
-0.053171	-35.271210	
-0.055357	-37.218359	
-0.056813	-38.609179	
-0.058907	-41.808067	
-0.060091	-44.589708	
-0.060728	-46.258693	
-0.060091	-40.834492	
-0.058725	-31.376912	
-0.057997	-27.204451	
-0.056722	-23.171071	
-0.054537	-18.025035	
-0.051442	-12.322670	
-0.049256	-8.706537	
-0.047527	-5.924896	
-0.045797	-3.838665	
-0.043612	-1.891516	
-0.040061	0.333797	
-0.034689	3.254520	
-0.025129	7.148818	
-0.015933	10.764951	
-0.009378	14.102921	
-0.006373	15.076495	
0.000728	17.719054	
0.009651	22.169680	
0.017481	24.951321	
0.024310	27.454798	
0.029863	28.984701	
0.036874	31.210014	
0.042155	32.183588	
0.049074	35.104312	
0.050531	35.660640	
0.052261	36.356050	
0.054355	38.303199	
0.057269	42.058414	
0.061184	47.482615	
0.063915	50.542420	
0.065827	52.628651	
0.066646	52.767733	
0.066464	50.542420	
0.065827	46.091794	
0.063642	34.687065	
0.061548	26.203060	
0.060455	21.891516	
0.059636	19.109875	
0.057997	15.771905	
0.056176	11.321280	
0.054173	7.983310	
0.052443	5.340751	
0.050986	3.671766	
0.049165	2.141864	
0.046525	0.611961	
0.036965	-3.699583	
0.026131	-7.593880	
0.019393	-10.792768	
0.014294	-12.600834	
0.009105	-15.938804	
0.001548	-19.554937	
-0.004279	-21.502086	
-0.013475	-24.422809	
-0.020303	-26.369958	
-0.030046	-28.873435	
-0.037511	-30.542420	
-0.044340	-32.767733	
-0.051806	-34.853964	
-0.054355	-36.105702	
-0.056449	-36.662031	
-0.057542	-37.774687	
-0.058998	-39.165508	
-0.060000	-40.973574	
-0.061548	-43.337969	
-0.062640	-45.006954	
-0.063369	-44.172462	
-0.063096	-41.112656	
-0.062458	-36.662031	
-0.061457	-31.794159	
-0.060637	-27.482615	
-0.059090	-22.336579	
-0.056813	-17.468707	
-0.054173	-12.461752	
-0.052261	-8.984701	
-0.049985	-5.507650	
-0.046889	-2.586926	
-0.044431	-0.639777	
-0.035781	3.671766	
-0.028498	5.757997	
-0.019484	9.374131	
-0.013930	12.851182	
-0.008103	16.189152	
-0.003551	17.997218	
0.004006	21.752434	
0.010288	23.699583	
0.020759	26.063978	
0.029954	28.289291	
0.036055	29.958275	
0.041608	31.070932	
0.047162	32.600834	
0.050713	33.991655	
0.053445	34.965229	
0.055266	35.382476	
0.057269	36.773296	
0.059272	39.554937	
0.061184	42.197497	
0.063096	44.700974	
0.064917	47.482615	
0.066646	49.429764	
0.066100	46.091794	
0.064097	35.799722	
0.062185	27.315716	
0.059727	19.805285	
0.058088	15.632823	
0.055994	11.460362	
0.053809	7.566064	
0.051351	4.089013	
0.049256	1.724618	
0.043612	-0.500695	
0.035053	-4.534075	
0.028042	-7.315716	
0.020395	-10.097357	
0.012656	-13.296245	
0.005190	-17.607789	
-0.002367	-20.667594	
-0.012564	-23.866481	
-0.019848	-26.091794	
-0.029499	-28.456189	
-0.041335	-31.794159	
-0.050713	-34.436718	
-0.055630	-35.688456	
-0.057542	-36.662031	
-0.058907	-36.801113	
-0.060273	-37.774687	
-0.061912	-39.165508	
-0.063278	-40.973574	
-0.063460	-39.304590	
-0.063005	-35.966620	
-0.062003	-31.376912	
-0.060182	-24.840056	
-0.057815	-19.415855	
-0.055539	-15.104312	
-0.053080	-10.375522	
-0.050895	-6.898470	
-0.048073	-3.838665	
-0.045888	-1.891516	
-0.042246	0.472879	
-0.037876	2.698192	
-0.029317	5.897079	
-0.019848	9.235049	
-0.011472	12.294854	
-0.005827	14.937413	
0.001457	18.136300	
0.005827	19.666203	
0.014294	23.699583	
0.022398	26.620306	
0.028862	28.011127	
0.036328	29.958275	
0.042064	31.349096	
0.047618	32.739917	
0.052079	34.687065	
0.055266	35.660640	
0.058088	37.885953	
0.061275	42.058414	
0.063642	45.118220	
0.065099	47.482615	
0.066555	48.734353	
0.066464	46.787204	
0.065190	40.111266	
0.063187	32.183588	
0.061275	23.977747	
0.059909	19.527121	
0.058361	16.467316	
0.056722	12.851182	
0.055083	9.235049	
0.053263	6.453408	
0.051442	4.089013	
0.049530	2.559110	
0.047527	1.307371	
0.044249	-0.361613	
0.037511	-3.560501	
0.029499	-6.342142	
0.022124	-9.680111	
0.014568	-12.322670	
0.006464	-17.329624	
-0.000455	-20.111266	
-0.007830	-22.475661	
-0.017299	-25.118220	
-0.031775	-29.151599	
-0.040971	-31.098748	
-0.044795	-32.350487	
-0.049530	-33.463143	
-0.055994	-35.827538	
-0.058088	-36.244784	
-0.060273	-37.218359	
-0.061457	-37.913769	
-0.062640	-39.026426	
-0.063460	-39.721836	
-0.063096	-36.522949	
-0.062458	-32.906815	
-0.061093	-28.038943	
-0.059181	-22.336579	
-0.057633	-18.720445	
-0.055448	-14.547983	
-0.053536	-11.210014	
-0.051988	-8.567455	
-0.050349	-6.481224	
-0.047891	-3.838665	
-0.045615	-1.752434	
-0.042974	0.333797	
-0.038422	2.420028	
-0.030319	5.340751	
-0.024765	6.731572	
-0.017663	9.652295	
-0.010926	11.738526	
-0.005008	14.659249	
-0.000910	15.910987	
