0.000000	0.000000	
0.000888	19.099890	
0.001987	44.127333	
0.002918	64.324918	
0.004101	81.448957	
0.005962	101.646542	
0.008076	119.209660	
0.010021	129.308452	
0.011036	134.577387	
0.010951	115.257958	
0.009598	91.986828	
0.008837	75.740944	
0.007738	58.616905	
0.006808	43.688255	
0.005793	28.759605	
0.005116	15.148189	
0.003932	2.854007	
0.003002	-5.927552	
0.001226	-17.343578	
0.000296	-26.564215	
-0.000888	-40.614709	
-0.001311	-53.347969	
-0.001818	-68.715697	
-0.002495	-81.888035	
-0.003002	-90.669594	
-0.003848	-99.890231	
-0.004947	-111.745335	
-0.006216	-118.770582	
-0.007992	-129.308452	
-0.009260	-134.138310	
-0.010444	-137.211855	
-0.010613	-119.209660	
-0.009598	-101.207464	
-0.007907	-77.936334	
-0.006892	-57.738749	
-0.005285	-37.102086	
-0.004440	-23.051592	
-0.003340	-10.757409	
-0.001987	-2.854007	
-0.000465	4.610318	
0.000719	17.782656	
0.000381	12.952799	
0.001226	26.125137	
0.002072	41.053787	
0.002495	52.030735	
0.003594	72.228321	
0.005285	92.425906	
0.006638	106.476400	
0.007822	117.892426	
0.008668	122.283205	
0.010359	132.381998	
0.011290	135.894621	
0.011205	122.722283	
0.010021	99.012075	
0.009006	81.448957	
0.008330	68.276619	
0.007400	52.469813	
0.006300	36.663008	
0.005708	24.368825	
0.004863	12.074643	
0.003848	2.414929	
0.003425	-1.097695	
0.002664	-7.244786	
0.001142	-17.343578	
0.000381	-23.929748	
-0.000296	-31.833150	
-0.001226	-44.127333	
-0.001649	-59.055982	
-0.002072	-76.619100	
-0.002748	-87.156970	
-0.003425	-95.060373	
-0.004440	-104.720088	
-0.005624	-114.818880	
-0.007230	-124.039517	
-0.008668	-131.503842	
-0.009683	-135.455543	
-0.010529	-138.968167	
-0.010782	-125.356751	
-0.010106	-109.549945	
-0.009260	-94.182217	
-0.008584	-83.205269	
-0.007400	-65.203074	
-0.006131	-47.200878	
-0.004778	-27.881449	
-0.003679	-15.148189	
-0.002664	-5.927552	
-0.001649	0.658617	
-0.000127	9.001098	
0.001311	23.051592	
0.001734	31.833150	
0.002833	46.761800	
0.003932	60.812294	
0.005370	75.301866	
0.006385	85.400659	
0.008076	101.646542	
0.009260	113.501647	
0.010529	123.600439	
0.011882	131.942920	
0.013911	141.163557	
0.016448	147.749726	
0.018901	149.945115	
0.019915	148.627881	
0.020000	138.090011	
0.019323	123.161361	
0.018647	109.989023	
0.017632	93.304061	
0.016956	83.644347	
0.016025	70.472009	
0.015349	58.616905	
0.013827	42.810099	
0.012474	27.881449	
0.011036	12.074643	
0.008922	-2.854007	
0.007484	-12.074643	
0.004947	-27.442371	
0.003256	-37.102086	
0.001734	-45.444566	
-0.000550	-59.495060	
-0.002072	-71.789243	
-0.003510	-82.766191	
-0.005201	-95.060373	
-0.006723	-106.476400	
-0.007992	-115.697036	
-0.009006	-121.844127	
-0.011121	-132.381998	
-0.013911	-141.602634	
-0.015518	-145.993414	
-0.017125	-149.945115	
-0.018816	-151.262349	
-0.018478	-136.333699	
-0.017632	-119.209660	
-0.016448	-99.451153	
-0.015349	-81.009879	
-0.014419	-66.959385	
-0.013150	-52.030735	
-0.011797	-34.906696	
-0.010529	-23.490670	
-0.008922	-12.513721	
-0.007146	-5.049396	
-0.004101	1.536773	
-0.001564	9.879254	
0.000042	19.099890	
0.001734	34.028540	
0.003087	50.713502	
0.004440	66.081229	
0.006047	82.327113	
0.007061	92.864984	
0.008584	107.793633	
0.009767	117.892426	
0.011290	128.869374	
0.012812	136.333699	
0.015518	145.554336	
0.017717	149.066959	
0.020254	149.945115	
0.020000	138.529089	
0.019746	131.503842	
0.018816	116.575192	
0.018224	102.963776	
0.017125	87.156970	
0.015772	64.324918	
0.014419	49.835346	
0.012896	32.711306	
0.011628	19.538968	
0.009767	4.171240	
0.007992	-7.683864	
0.006216	-19.538968	
0.003932	-33.589462	
0.002241	-41.492865	
0.000296	-51.591658	
-0.001311	-63.446762	
-0.002833	-76.180022	
-0.004524	-88.913282	
-0.005962	-99.451153	
-0.007400	-110.867179	
-0.008414	-118.331504	
-0.009852	-125.795829	
-0.011882	-134.577387	
-0.012812	-138.090011	
-0.014672	-143.798024	
-0.016279	-147.749726	
-0.017886	-150.823271	
-0.019493	-153.018661	
-0.019577	-143.798024	
-0.019493	-134.577387	
-0.019154	-123.161361	
-0.018055	-102.524698	
-0.017294	-91.547750	
-0.015941	-76.180022	
-0.014588	-62.129528	
-0.013150	-46.322722	
-0.011797	-32.272228	
-0.009767	-16.465423	
-0.008076	-8.122942	
-0.005708	-1.097695	
-0.002918	6.366630	
-0.000719	15.587267	
0.000888	27.003293	
0.003594	46.761800	
0.005793	59.495060	
0.008584	77.058178	
0.010021	87.156970	
0.011882	102.085620	
0.013827	115.697036	
0.015772	128.430296	
0.017970	140.724479	
0.019662	146.432492	
0.021776	151.701427	
0.024482	157.409440	
0.026681	160.043908	
0.028203	160.922064	
0.028288	154.774973	
0.027949	136.772777	
0.027104	124.039517	
0.026258	109.110867	
0.025243	95.060373	
0.024228	79.692645	
0.023467	66.081229	
0.021860	48.079034	
0.020254	32.272228	
0.018816	20.417124	
0.017378	10.757409	
0.015941	5.488474	
0.014249	0.658617	
0.012051	-3.732162	
0.009260	-11.196487	
0.006977	-17.343578	
0.004693	-27.003293	
0.003425	-30.076839	
0.001226	-37.980241	
-0.000381	-43.688255	
-0.001903	-52.030735	
-0.003087	-56.860593	
-0.004101	-60.373216	
-0.005455	-66.520307	
-0.006808	-71.789243	
-0.008245	-80.131723	
-0.009429	-88.474204	
-0.010529	-96.816685	
-0.011628	-105.159166	
-0.012558	-113.062569	
-0.013573	-120.965971	
-0.014672	-128.430296	
-0.015772	-134.138310	
-0.016871	-139.407245	
-0.018055	-143.798024	
-0.019239	-148.188804	
-0.020507	-151.262349	
-0.022030	-155.214050	
-0.023552	-158.287596	
-0.024820	-160.043908	
-0.026342	-161.800220	
-0.027865	-161.800220	
-0.028541	-161.361142	
-0.027780	-137.650933	
-0.026765	-117.892426	
-0.025751	-102.524698	
-0.024482	-84.522503	
-0.023129	-68.715697	
-0.021099	-45.883644	
-0.019662	-31.394072	
-0.018393	-21.295280	
-0.016871	-12.513721	
-0.014588	-4.610318	
-0.012135	-0.658617	
-0.009091	1.097695	
-0.006047	5.049396	
-0.004355	9.440176	
-0.002410	15.587267	
-0.000719	22.612514	
0.001057	31.833150	
0.004609	52.030735	
0.006977	66.959385	
0.009260	81.888035	
0.011036	95.060373	
0.012896	110.428101	
0.015011	123.161361	
0.017040	135.455543	
0.019239	145.115258	
0.021268	150.823271	
0.023298	154.774973	
0.025581	159.165752	
0.028203	160.482986	
0.028541	160.922064	
0.028118	147.749726	
0.027611	131.064764	
0.026765	117.892426	
0.025666	102.085620	
0.024651	86.278814	
0.023890	73.984632	
0.022622	58.177827	
0.021184	40.175631	
0.019662	27.003293	
0.018140	15.148189	
0.016617	8.122942	
0.014841	2.854007	
0.013150	0.219539	
0.010444	-7.683864	
0.008161	-13.830955	
0.005285	-23.051592	
0.000550	-39.297475	
-0.003171	-56.860593	
-0.005962	-68.715697	
-0.007484	-74.862788	
-0.010021	-91.547750	
-0.010867	-99.451153	
-0.012135	-109.110867	
-0.012896	-117.014270	
-0.013911	-124.039517	
-0.015264	-131.064764	
-0.016364	-136.772777	
-0.018647	-145.554336	
-0.021268	-153.457739	
-0.022791	-157.409440	
-0.024144	-159.165752	
-0.025328	-161.361142	
-0.027188	-161.361142	
-0.028964	-160.922064	
-0.028034	-142.480790	
-0.027357	-126.673985	
-0.025243	-95.499451	
-0.023721	-74.423710	
-0.022114	-55.543359	
-0.022537	-61.690450	
-0.021522	-49.396268	
-0.020338	-37.980241	
-0.018901	-23.929748	
-0.017632	-16.465423	
-0.015772	-7.683864	
-0.013150	-1.975851	
-0.010613	0.658617	
-0.007738	3.732162	
-0.005116	8.562020	
-0.003256	13.830955	
0.000381	23.929748	
0.003594	34.467618	
0.005793	42.371021	
0.008584	52.030735	
0.010867	63.007684	
0.013150	74.862788	
0.014588	83.205269	
0.016448	95.060373	
0.017632	101.646542	
0.019239	113.501647	
0.020677	120.965971	
0.021945	127.991218	
0.023467	136.772777	
0.025243	145.115258	
0.027019	150.384193	
0.029556	156.531284	
0.032516	162.239297	
0.035053	163.995609	
0.037421	163.995609	
0.037421	150.823271	
0.036998	133.699232	
0.035983	116.136114	
0.034715	97.694841	
0.033784	83.205269	
0.032600	70.032931	
0.031501	57.738749	
0.030655	48.079034	
0.029471	36.223930	
0.028118	26.564215	
0.026681	19.538968	
0.025328	14.709111	
0.023044	10.318332	
0.021015	6.805708	
0.019070	3.732162	
0.016533	0.658617	
0.014757	0.219539	
0.012135	0.219539	
0.010190	-0.219539	
0.008245	-1.536773	
0.006469	-4.171240	
0.004186	-7.683864	
0.002326	-11.635565	
0.000550	-17.343578	
-0.001564	-22.612514	
-0.003510	-29.637761	
-0.006131	-39.297475	
-0.009006	-51.152580	
-0.010698	-59.934138	
-0.012896	-69.154775	
-0.014503	-77.497256	
-0.017040	-90.669594	
-0.017970	-98.133919	
-0.020507	-112.623491	
-0.021691	-121.405049	
-0.023044	-128.869374	
-0.025159	-137.650933	
-0.027188	-144.676180	
-0.029218	-150.823271	
-0.031247	-155.653128	
-0.032939	-159.604830	
-0.035307	-161.361142	
-0.036913	-161.361142	
-0.036490	-139.846323	
-0.035560	-121.844127	
-0.034123	-100.768386	
-0.032516	-78.814490	
-0.031163	-61.251372	
-0.029810	-46.761800	
-0.028372	-34.906696	
-0.026850	-22.612514	
-0.025328	-15.587267	
-0.022706	-7.683864	
-0.019323	-2.414929	
-0.016364	0.219539	
-0.013319	1.097695	
-0.006808	3.293085	
-0.002156	5.049396	
0.003425	9.879254	
0.006385	14.709111	
0.009598	21.734358	
0.012558	31.833150	
0.015856	43.688255	
0.018309	55.982437	
0.020677	67.398463	
0.022537	77.936334	
0.024989	92.864984	
0.026765	106.037322	
0.028710	120.965971	
0.030825	132.381998	
0.032516	141.163557	
0.034123	146.871570	
0.036152	152.140505	
0.037674	153.896817	
0.037336	141.602634	
0.036575	124.478595	
0.035391	108.232711	
0.034292	91.108672	
0.033192	75.740944	
0.032093	64.324918	
0.030063	41.492865	
0.028710	31.394072	
0.027357	23.051592	
0.026089	17.343578	
0.024397	13.391877	
0.022368	9.440176	
0.020169	5.488474	
0.017970	2.854007	
0.015603	1.097695	
0.011374	0.219539	
0.007315	-1.975851	
0.004778	-2.854007	
0.001649	-1.975851	
-0.001057	-1.975851	
-0.003171	-2.414929	
-0.005455	-4.171240	
-0.008584	-9.879254	
-0.010613	-16.026345	
-0.013404	-25.686059	
-0.015180	-30.954995	
-0.016702	-37.980241	
-0.018393	-46.322722	
-0.020085	-53.347969	
-0.021691	-64.763996	
-0.022791	-70.911087	
-0.023890	-78.375412	
-0.025497	-89.791438	
-0.026765	-99.451153	
-0.028034	-110.428101	
-0.029218	-119.209660	
-0.030486	-126.673985	
-0.031755	-135.016465	
-0.032516	-141.163557	
-0.033446	-145.993414	
-0.034630	-149.945115	
-0.035814	-154.335895	
-0.036660	-154.774973	
-0.037759	-156.970362	
-0.038351	-157.409440	
-0.038943	-157.848518	
-0.037590	-128.430296	
-0.036490	-109.549945	
-0.034968	-90.230516	
-0.033446	-70.911087	
-0.031670	-51.591658	
-0.030486	-40.614709	
-0.029641	-30.954995	
-0.028710	-23.490670	
-0.027188	-16.465423	
-0.024989	-9.440176	
-0.021184	-3.732162	
-0.017801	-0.219539	
-0.014757	1.975851	
-0.004863	4.171240	
0.002579	6.366630	
0.007230	8.562020	
0.010444	12.952799	
0.013404	18.660812	
0.015772	27.003293	
0.018309	37.980241	
0.020677	47.200878	
0.023298	63.446762	
0.026173	81.448957	
0.028541	100.329308	
0.030233	112.623491	
0.032262	125.795829	
0.034038	136.772777	
0.036068	145.993414	
0.037505	151.262349	
0.038774	153.457739	
0.040888	156.531284	
0.043510	157.848518	
0.045793	159.165752	
0.045539	137.650933	
0.044017	113.062569	
0.042664	96.377607	
0.041649	81.888035	
0.040381	67.398463	
0.038858	52.030735	
0.037505	40.175631	
0.036321	29.198683	
0.034799	23.051592	
0.032770	17.782656	
0.030402	12.074643	
0.027949	8.122942	
0.024820	4.610318	
0.022114	2.854007	
0.018732	0.658617	
0.010613	-0.219539	
0.000803	-2.414929	
-0.002579	-1.975851	
-0.004355	-2.854007	
-0.007230	-5.049396	
-0.009175	-8.122942	
-0.011543	-12.513721	
-0.013827	-17.343578	
-0.015772	-24.368825	
-0.017970	-33.150384	
-0.019746	-40.614709	
-0.022706	-54.226125	
-0.024482	-65.203074	
-0.027104	-80.131723	
-0.028964	-94.621295	
-0.030233	-106.915477	
-0.032008	-119.648738	
-0.033700	-129.747530	
-0.035307	-137.211855	
-0.037421	-143.798024	
-0.039197	-149.506037	
-0.041142	-153.457739	
-0.043256	-156.531284	
-0.044693	-156.531284	
-0.045624	-156.531284	
-0.044271	-122.722283	
-0.043087	-102.524698	
-0.040888	-75.301866	
-0.038943	-52.908891	
-0.037252	-37.980241	
-0.035391	-24.807903	
-0.033784	-18.221734	
-0.031332	-10.757409	
-0.028710	-6.366630	
-0.025159	-1.975851	
-0.018732	-1.097695	
0.008753	0.219539	
0.018647	7.683864	
0.023129	19.099890	
0.027780	34.906696	
0.029471	43.249177	
0.030994	53.347969	
0.033784	77.058178	
0.035476	88.913282	
0.037928	108.232711	
0.039535	117.892426	
0.041649	132.381998	
0.043002	139.846323	
0.044440	143.798024	
0.046385	147.749726	
0.045370	117.892426	
0.043256	84.083425	
0.041649	62.568606	
0.039873	42.371021	
0.038097	30.076839	
0.036490	21.734358	
0.033784	15.148189	
0.031247	10.318332	
0.028964	5.927552	
0.026004	3.732162	
0.020846	1.097695	
0.006131	-0.219539	
-0.002748	-0.658617	
-0.010951	-0.658617	
-0.017125	-6.805708	
-0.023721	-17.343578	
-0.027780	-28.759605	
-0.030740	-44.566411	
-0.032347	-58.616905	
-0.036068	-88.913282	
-0.037759	-105.159166	
-0.039112	-117.453348	
-0.040465	-127.552141	
-0.042495	-138.529089	
-0.043425	-143.798024	
-0.044609	-148.627881	
-0.045877	-150.384193	
-0.046977	-151.262349	
-0.046300	-127.991218	
-0.045116	-109.110867	
-0.043425	-81.888035	
-0.041142	-59.495060	
-0.038689	-38.858397	
-0.036321	-23.490670	
-0.033446	-13.391877	
-0.029725	-5.488474	
-0.026596	-1.536773	
-0.020507	0.219539	
0.007400	1.536773	
0.017970	5.927552	
0.023721	11.635565	
0.028203	23.051592	
0.030402	30.076839	
0.033615	50.274424	
0.035645	66.959385	
0.037674	86.717892	
0.040381	107.793633	
0.042072	119.648738	
0.043679	130.625686	
0.045201	138.968167	
0.047146	142.919868	
0.049260	145.993414	
0.051036	148.188804	
0.052304	148.188804	
0.054419	76.180022	
