0.000000	0.000000	
0.001795	10.154211	
-0.000054	0.664294	
-0.001033	-8.066429	
-0.000054	0.474496	
0.004188	22.491103	
-0.000163	0.664294	
-0.004514	-26.666667	
0.000054	-0.094899	
0.004731	26.476868	
0.005275	30.272835	
0.005928	31.601423	
0.006472	30.842230	
0.006145	24.389087	
0.001033	0.284698	
-0.004188	-29.323843	
-0.005058	-34.258600	
-0.005928	-36.725979	
-0.007777	-40.142349	
-0.006798	-29.893238	
-0.002121	-3.321471	
0.001577	14.329775	
0.004514	27.615658	
0.006363	36.156584	
0.008538	40.711744	
0.010823	44.507711	
0.012345	45.266904	
0.013433	45.266904	
0.012563	36.915777	
0.010823	26.856465	
0.009952	21.352313	
0.008865	15.468565	
0.007559	8.635824	
0.004623	-0.664294	
0.003209	-4.270463	
0.002121	-11.862396	
0.000272	-18.695136	
-0.001360	-24.768683	
-0.003753	-30.272835	
-0.005384	-36.346382	
-0.007777	-40.901542	
-0.011475	-46.026097	
-0.013868	-48.303677	
-0.014847	-49.252669	
-0.015282	-48.113879	
-0.015282	-43.748517	
-0.012563	-26.476868	
-0.008865	-6.548043	
-0.005710	5.788849	
-0.002991	16.227758	
0.000163	25.148280	
0.002774	29.893238	
0.005275	36.346382	
0.008103	40.711744	
0.011801	45.646501	
0.012672	46.405694	
0.012998	44.128114	
0.012998	40.901542	
0.012454	35.587189	
0.010279	24.958482	
0.008538	13.190985	
0.006689	5.599051	
0.005167	0.284698	
0.003753	-4.460261	
0.002447	-12.431791	
0.001142	-17.366548	
0.000489	-22.301305	
-0.000489	-26.666667	
-0.002012	-31.411625	
-0.004296	-36.915777	
-0.006145	-40.901542	
-0.010387	-45.646501	
-0.013324	-48.493476	
-0.015500	-48.683274	
-0.015500	-45.836299	
-0.013107	-31.221827	
-0.010714	-14.899170	
-0.007995	-4.270463	
-0.006689	3.131673	
-0.003970	13.380783	
-0.000816	22.491103	
0.002556	29.703440	
0.005167	36.346382	
0.008973	41.850534	
0.012998	48.113879	
0.015717	50.960854	
0.018436	53.238434	
0.019850	53.238434	
0.020612	52.289442	
0.020177	46.975089	
0.016914	27.046263	
0.015065	16.037960	
0.013542	7.686833	
0.010931	-0.284698	
0.008647	-5.409253	
0.007886	-10.533808	
0.006037	-15.848161	
0.003535	-20.403321	
0.002339	-23.440095	
0.000925	-27.236062	
-0.000925	-29.513642	
-0.003426	-35.587189	
-0.006363	-41.470937	
-0.012019	-47.924081	
-0.015608	-51.150652	
-0.018328	-52.858837	
-0.021264	-54.377224	
-0.024092	-55.326216	
-0.024963	-55.136418	
-0.024636	-49.442467	
-0.020394	-27.236062	
-0.017458	-9.584816	
-0.016152	-3.131673	
-0.014303	4.080664	
-0.012672	9.964413	
-0.010496	14.899170	
-0.008973	19.454330	
-0.008538	16.417556	
-0.008430	22.491103	
-0.006145	25.527877	
-0.002339	30.842230	
0.002012	36.915777	
0.006363	42.419929	
0.010931	46.975089	
0.015282	51.150652	
0.018219	52.858837	
0.019959	52.289442	
0.020503	50.960854	
0.020394	47.734282	
0.018545	35.397390	
0.015935	21.162515	
0.014303	11.482800	
0.012889	4.460261	
0.010931	-0.094899	
0.010061	-3.321471	
0.009844	-7.876631	
0.008647	-13.001186	
0.006581	-18.505338	
0.005493	-20.403321	
0.004840	-21.921708	
0.002556	-27.805457	
-0.000054	-33.689205	
-0.002882	-38.054567	
-0.005167	-41.470937	
-0.008865	-46.215896	
-0.014412	-50.771056	
-0.020286	-53.428233	
-0.022896	-53.997628	
-0.024419	-53.997628	
-0.024419	-50.011862	
-0.022352	-37.295374	
-0.020938	-29.893238	
-0.018545	-16.417556	
-0.016805	-5.978648	
-0.014847	1.803084	
-0.013433	7.497034	
-0.011693	13.001186	
-0.009409	18.125741	
-0.006907	23.629893	
-0.002991	29.513642	
0.001033	35.017794	
0.005275	40.521945	
0.011910	47.164887	
0.018328	53.048636	
0.023114	56.275208	
0.028661	58.932384	
0.031924	59.311981	
0.034752	59.122183	
0.036166	58.173191	
0.035840	54.187426	
0.034752	47.354686	
0.033012	37.295374	
0.030945	24.578885	
0.029205	15.088968	
0.028117	8.635824	
0.026703	4.839858	
0.025071	0.284698	
0.023331	-4.080664	
0.021700	-10.533808	
0.019850	-16.417556	
0.016805	-21.542112	
0.012780	-27.236062	
0.007124	-33.309609	
0.001903	-38.054567	
-0.004296	-42.609727	
-0.009626	-46.405694	
-0.018872	-51.720047	
-0.028552	-56.844603	
-0.033447	-59.311981	
-0.035840	-60.071174	
-0.041496	-61.209964	
-0.041822	-58.932384	
-0.041387	-53.428233	
-0.037689	-33.879004	
-0.034969	-16.607355	
-0.032468	-5.219454	
-0.030292	3.131673	
-0.028226	9.395018	
-0.025398	16.417556	
-0.022896	21.542112	
-0.019415	26.287070	
-0.015826	30.652432	
-0.012128	34.068802	
-0.008212	37.105575	
-0.001795	41.281139	
0.006581	46.405694	
0.015391	51.720047	
0.022026	55.705813	
0.026812	57.413998	
0.028661	58.742586	
0.031815	58.742586	
0.033447	58.742586	
0.035404	58.742586	
0.035948	57.034401	
0.035731	53.997628	
0.034534	46.215896	
0.032250	31.791222	
0.028987	14.329775	
0.026377	4.080664	
0.024201	-2.752076	
0.023331	-7.686833	
0.022570	-12.241993	
0.020938	-16.797153	
0.018110	-22.301305	
0.014521	-27.425860	
0.010714	-32.170819	
0.005819	-36.915777	
0.002339	-40.332147	
-0.000489	-43.558719	
-0.003426	-46.026097	
-0.007777	-49.442467	
-0.014630	-53.428233	
-0.020394	-56.844603	
-0.024636	-59.122183	
-0.028443	-59.881376	
-0.032468	-60.830368	
-0.036275	-61.020166	
-0.039646	-60.830368	
-0.041387	-60.640569	
-0.041931	-58.742586	
-0.041496	-53.997628	
-0.039864	-44.317912	
-0.037036	-29.134045	
-0.035404	-20.213523	
-0.034208	-12.052195	
-0.031924	-3.701068	
-0.030619	1.423488	
-0.029096	6.358244	
-0.027138	11.672598	
-0.025289	15.278766	
-0.023984	18.884935	
-0.021700	23.060498	
-0.019524	25.907473	
-0.017240	28.374852	
-0.014303	31.981020	
-0.010496	35.017794	
-0.004840	39.572954	
0.003426	44.128114	
0.013868	50.581257	
0.023440	55.705813	
0.029857	58.552788	
0.034534	59.881376	
0.037471	60.830368	
0.040952	61.589561	
0.044759	62.158956	
0.047478	62.918149	
0.049871	62.918149	
0.051285	62.348754	
0.052046	60.640569	
0.051611	57.603796	
0.050959	52.858837	
0.048457	38.434164	
0.045738	24.199288	
0.043453	10.533808	
0.042366	6.358244	
0.041278	3.511269	
0.039538	-0.284698	
0.037471	-6.168446	
0.035513	-12.431791	
0.033338	-17.176750	
0.031162	-20.593120	
0.028117	-25.148280	
0.024092	-30.083037	
0.020612	-32.740214	
0.015717	-36.156584	
0.010605	-39.383155	
0.005819	-42.040332	
-0.000598	-44.887307	
-0.006581	-46.975089	
-0.010931	-48.683274	
-0.017893	-51.340451	
-0.023657	-53.618031	
-0.027899	-55.895611	
-0.033447	-58.552788	
-0.039973	-61.020166	
-0.043127	-62.158956	
-0.046173	-62.918149	
-0.049871	-63.487544	
-0.052808	-64.056940	
-0.055636	-64.056940	
-0.059986	-63.677343	
-0.059769	-60.071174	
-0.058899	-53.428233	
-0.054657	-31.601423	
-0.052046	-17.935943	
-0.050088	-8.066429	
-0.048457	-1.803084	
-0.046064	5.029656	
-0.042801	12.431791	
-0.040082	18.315540	
-0.036601	23.440095	
-0.033012	27.995255	
-0.028117	32.550415	
-0.022135	36.536180	
-0.015826	40.332147	
-0.010387	43.179122	
-0.001577	47.164887	
0.007668	50.201661	
0.019198	54.567023	
0.030727	57.983393	
0.040408	61.589561	
0.044324	62.348754	
0.047913	63.487544	
0.050415	63.297746	
0.051394	61.020166	
0.051720	59.501779	
0.051502	54.756821	
0.049436	44.317912	
0.047369	31.981020	
0.044432	17.746145	
0.042475	6.927639	
0.040734	1.043891	
0.038559	-5.788849	
0.036927	-10.913405	
0.035404	-15.468565	
0.033447	-19.454330	
0.031271	-23.060498	
0.028770	-26.476868	
0.025615	-30.083037	
0.021917	-34.068802	
0.017566	-37.105575	
0.012237	-40.142349	
0.007451	-43.558719	
0.002339	-46.026097	
-0.003209	-48.493476	
-0.007777	-50.391459	
-0.012780	-52.669039	
-0.018545	-56.085409	
-0.023657	-58.173191	
-0.028770	-59.311981	
-0.033882	-61.209964	
-0.040190	-62.728351	
-0.043562	-62.918149	
-0.048131	-63.107948	
-0.053134	-63.297746	
-0.058029	-63.107948	
-0.059986	-62.918149	
-0.059660	-58.742586	
-0.058355	-50.960854	
-0.055636	-36.725979	
-0.053025	-23.440095	
-0.051394	-13.950178	
-0.049436	-6.168446	
-0.047587	0.474496	
-0.045738	6.168446	
-0.043889	10.533808	
-0.040843	16.607355	
-0.038450	20.972716	
-0.034969	25.527877	
-0.031489	29.323843	
-0.029096	31.981020	
-0.024854	35.017794	
-0.019850	38.244365	
-0.016152	39.952550	
-0.012672	40.142349	
-0.009735	39.952550	
-0.006907	42.040332	
-0.002339	44.507711	
0.002882	46.215896	
0.006689	48.493476	
0.012780	51.340451	
0.018654	53.997628	
0.028878	56.465006	
0.033012	57.413998	
0.039864	59.311981	
0.045846	61.589561	
0.050088	62.918149	
0.054222	64.626335	
0.057811	64.816133	
0.062706	65.575326	
0.065751	65.575326	
0.067274	65.575326	
0.067600	63.107948	
0.067383	59.881376	
0.066077	52.479241	
0.063032	35.207592	
0.060857	24.199288	
0.059007	13.950178	
0.057702	9.015421	
0.055853	3.701068	
0.053569	-1.803084	
0.051067	-7.876631	
0.049653	-12.052195	
0.047369	-16.037960	
0.044432	-20.213523	
0.041496	-24.768683	
0.038450	-28.374852	
0.035404	-31.032028	
0.031598	-34.258600	
0.027247	-37.105575	
0.022461	-40.142349	
0.014086	-44.128114	
0.009517	-45.836299	
0.000816	-48.493476	
-0.005058	-49.632266	
-0.009517	-50.771056	
-0.013977	-52.858837	
-0.018001	-54.567023	
-0.022461	-55.136418	
-0.026920	-55.516014	
-0.031706	-56.275208	
-0.036601	-56.844603	
-0.041278	-58.173191	
-0.045085	-58.932384	
-0.050741	-60.450771	
-0.055962	-61.779359	
-0.060421	-63.107948	
-0.064663	-64.246738	
-0.068144	-65.575326	
-0.071842	-65.954923	
-0.075323	-66.144721	
-0.077716	-66.144721	
-0.077933	-64.626335	
-0.078042	-60.640569	
-0.075105	-47.734282	
-0.072277	-33.499407	
-0.069884	-23.629893	
-0.068035	-12.431791	
-0.066513	-7.497034	
-0.064663	-1.233689	
-0.062271	4.839858	
-0.059878	10.344009	
-0.057376	14.899170	
-0.054330	19.833926	
-0.050632	24.389087	
-0.046934	29.134045	
-0.042366	32.550415	
-0.038124	35.587189	
-0.033229	38.244365	
-0.026920	40.711744	
-0.020503	43.938316	
-0.012237	46.975089	
-0.003970	49.252669	
0.005275	51.530249	
0.013868	53.048636	
0.026485	55.705813	
0.032141	57.224199	
0.040082	59.881376	
0.050523	63.487544	
0.053460	63.867141	
0.056179	64.816133	
0.061292	65.575326	
0.064228	65.765125	
0.066730	65.954923	
0.067492	65.005931	
0.067492	61.209964	
0.066730	56.275208	
0.063685	38.054567	
0.061727	27.425860	
0.058572	13.190985	
0.056071	3.321471	
0.053895	-2.562278	
0.051720	-9.015421	
0.049653	-14.329775	
0.046608	-19.264531	
0.043345	-24.578885	
0.039429	-29.323843	
0.034426	-33.689205	
0.030184	-37.295374	
0.023766	-41.091340	
0.018001	-43.938316	
0.012780	-45.836299	
0.006254	-47.164887	
-0.001142	-48.303677	
-0.010496	-50.201661	
-0.013977	-50.581257	
-0.020286	-52.669039	
-0.027247	-54.187426	
-0.031598	-55.705813	
-0.036383	-56.844603	
-0.042148	-58.173191	
-0.047695	-60.071174	
-0.052808	-61.589561	
-0.060204	-63.487544	
-0.064011	-64.436536	
-0.069123	-65.575326	
-0.075214	-66.144721	
-0.078042	-65.195730	
-0.078042	-62.728351	
-0.078042	-58.742586	
-0.074453	-43.368921	
-0.071407	-28.374852	
-0.069123	-17.556346	
-0.067600	-10.344009	
-0.065860	-4.839858	
-0.064011	1.043891	
-0.061292	7.117438	
-0.058246	13.570581	
-0.055201	18.125741	
-0.051720	23.250297	
-0.048131	27.236062	
-0.043780	30.652432	
-0.038776	34.638197	
-0.033664	37.295374	
-0.028226	40.521945	
-0.021917	43.748517	
-0.015391	46.026097	
-0.010931	47.164887	
-0.004840	49.252669	
0.002012	50.771056	
0.012889	52.289442	
