0.000234	-0.526316	
0.000646	24.736842	
0.001183	42.105263	
0.000812	23.684211	
0.000605	13.157895	
0.000193	-0.526316	
-0.000096	-15.263158	
-0.000550	-31.578947	
-0.000715	-39.473684	
-0.000426	-21.052632	
0.000151	-0.526316	
0.001100	40.526316	
0.000234	-1.578947	
-0.000757	-39.473684	
-0.000138	-10.000000	
0.001678	58.947368	
0.002050	75.263158	
0.003081	84.736842	
0.002462	65.789474	
0.001761	43.684211	
0.000977	20.000000	
0.000646	7.894737	
0.000110	-5.789474	
-0.000509	-23.157895	
-0.000922	-46.842105	
-0.001582	-65.263158	
-0.002325	-83.157895	
-0.001582	-55.263158	
-0.001128	-38.947368	
-0.000757	-22.631579	
-0.000344	-5.789474	
0.000275	5.789474	
0.000853	26.842105	
0.001554	52.105263	
0.002008	70.000000	
0.002338	77.894737	
0.002999	84.210526	
0.002710	75.263158	
0.002091	55.789474	
0.001224	29.473684	
0.000729	5.263158	
0.000605	0.526316	
0.000234	-7.894737	
-0.000303	-19.473684	
-0.000839	-40.526316	
-0.001252	-55.263158	
-0.001706	-69.473684	
-0.002366	-81.578947	
-0.001541	-51.052632	
-0.000922	-29.473684	
-0.000344	-4.736842	
0.000028	3.684211	
0.000894	21.052632	
0.001926	53.157895	
0.002669	75.263158	
0.002999	85.789474	
0.003370	91.578947	
0.003824	97.894737	
0.004649	105.789474	
0.004897	106.315789	
0.004732	94.736842	
0.004072	75.789474	
0.003287	53.684211	
0.002462	28.947368	
0.002050	19.473684	
0.001513	11.578947	
0.000812	2.631579	
-0.000261	-10.526316	
-0.000922	-24.210526	
-0.001417	-38.947368	
-0.002077	-67.368421	
-0.002531	-82.631579	
-0.003150	-98.421053	
-0.003563	-112.105263	
-0.004264	-127.368421	
-0.003934	-108.947368	
-0.003109	-82.105263	
-0.002201	-53.157895	
-0.001623	-35.263158	
-0.001045	-15.263158	
-0.000261	-0.526316	
0.000894	16.315789	
0.001596	31.578947	
0.002256	61.052632	
0.002875	80.000000	
0.003576	94.210526	
0.004567	103.684211	
0.004938	103.684211	
0.004649	97.368421	
0.004195	83.157895	
0.003576	65.789474	
0.003081	50.526316	
0.002834	44.210526	
0.002297	32.105263	
0.001967	23.157895	
0.001431	16.315789	
0.000935	8.947368	
0.000069	-2.105263	
-0.000550	-14.210526	
-0.001210	-30.000000	
-0.002036	-63.157895	
-0.002531	-79.473684	
-0.003067	-95.789474	
-0.003810	-113.157895	
-0.004264	-125.789474	
-0.003851	-101.578947	
-0.002902	-76.842105	
-0.002366	-58.947368	
-0.001747	-38.947368	
-0.001252	-24.736842	
-0.000468	-11.052632	
0.000523	6.315789	
0.001348	18.947368	
0.002215	30.000000	
0.003205	54.210526	
0.003700	68.947368	
0.004402	86.842105	
0.004979	98.947368	
0.005475	107.894737	
0.006094	116.315789	
0.007084	124.210526	
0.007868	126.842105	
0.007868	118.421053	
0.007208	96.315789	
0.006795	79.473684	
0.006052	61.052632	
0.005062	38.421053	
0.004360	22.631579	
0.003164	9.473684	
0.001967	-4.210526	
0.001059	-11.578947	
-0.000014	-23.157895	
-0.000715	-29.473684	
-0.001664	-41.578947	
-0.002407	-54.736842	
-0.002779	-62.105263	
-0.003274	-77.894737	
-0.003686	-90.526316	
-0.004470	-120.526316	
-0.004883	-135.789474	
-0.005420	-143.157895	
-0.006162	-148.947368	
-0.006410	-152.631579	
-0.005832	-128.947368	
-0.004883	-103.684211	
-0.004099	-82.631579	
-0.003356	-65.789474	
-0.002613	-52.105263	
-0.001582	-33.157895	
-0.000839	-20.526316	
-0.000261	-4.210526	
0.000688	7.894737	
0.001637	12.105263	
0.002338	17.894737	
0.003453	32.631579	
0.004732	56.315789	
0.005475	75.263158	
0.006547	100.000000	
0.007703	118.421053	
0.007827	118.947368	
0.007455	101.578947	
0.006795	80.000000	
0.006011	56.842105	
0.005475	43.684211	
0.004649	29.473684	
0.003576	14.736842	
0.002215	-0.526316	
0.000646	-13.684211	
-0.000550	-28.947368	
-0.001912	-43.157895	
-0.002820	-63.157895	
-0.003604	-89.473684	
-0.004223	-114.736842	
-0.004718	-134.736842	
-0.005337	-144.210526	
-0.006410	-152.631579	
-0.006327	-139.473684	
-0.005502	-113.684211	
-0.004801	-92.105263	
-0.004347	-74.210526	
-0.003686	-56.842105	
-0.002944	-41.578947	
-0.002531	-30.526316	
-0.001623	-20.000000	
-0.000179	-4.210526	
0.000812	7.368421	
0.001637	12.105263	
0.002132	15.263158	
0.002751	21.578947	
0.003411	30.526316	
0.004319	46.315789	
0.005021	66.315789	
0.005970	84.736842	
0.006671	98.421053	
0.007331	109.473684	
0.008322	123.684211	
0.009188	134.210526	
0.009849	140.526316	
0.010963	145.789474	
0.011953	150.526316	
0.011788	135.263158	
0.011293	114.210526	
0.010674	92.105263	
0.010055	73.157895	
0.009312	52.631579	
0.008858	38.947368	
0.008322	27.368421	
0.007331	14.736842	
0.006341	1.578947	
0.005062	-10.526316	
0.003659	-21.578947	
0.002338	-31.578947	
0.000935	-41.578947	
-0.000014	-48.947368	
-0.000839	-54.736842	
-0.002201	-63.157895	
-0.003150	-71.052632	
-0.003728	-79.473684	
-0.004305	-88.947368	
-0.004924	-103.684211	
-0.005543	-122.631579	
-0.006286	-136.842105	
-0.006823	-142.631579	
-0.007772	-153.684211	
-0.008721	-166.315789	
-0.009876	-174.736842	
-0.011032	-178.947368	
-0.012352	-181.052632	
-0.011857	-157.368421	
-0.010619	-112.105263	
-0.009794	-87.368421	
-0.008968	-65.263158	
-0.008226	-48.947368	
-0.007153	-33.684211	
-0.005997	-21.052632	
-0.004759	-14.736842	
-0.003398	-4.736842	
-0.001953	2.631579	
-0.001087	10.000000	
0.000275	19.473684	
0.000028	14.736842	
-0.000839	5.789474	
-0.001871	-4.736842	
-0.003232	-13.684211	
-0.004347	-23.157895	
-0.004883	-27.894737	
-0.005956	-38.421053	
-0.006740	-46.315789	
-0.007235	-53.157895	
-0.007895	-65.263158	
-0.008638	-81.052632	
-0.009298	-95.263158	
-0.009876	-112.105263	
-0.010413	-124.210526	
-0.010825	-137.368421	
-0.011486	-153.684211	
-0.011857	-162.105263	
-0.012393	-173.157895	
-0.011320	-136.315789	
-0.010743	-116.842105	
-0.009917	-88.947368	
-0.009175	-70.526316	
-0.008143	-51.578947	
-0.007318	-38.421053	
-0.006245	-22.631579	
-0.004677	-13.684211	
-0.003067	-2.631579	
-0.001417	5.789474	
-0.000344	14.736842	
0.000110	20.000000	
-0.000550	7.368421	
-0.001169	1.052632	
-0.001953	-7.368421	
-0.003109	-12.631579	
-0.003810	-18.421053	
-0.004842	-27.368421	
-0.005791	-35.789474	
-0.006369	-42.631579	
-0.007153	-53.684211	
-0.008019	-66.315789	
-0.008432	-74.736842	
-0.009010	-87.894737	
-0.009505	-100.526316	
-0.010248	-117.368421	
-0.010619	-130.000000	
-0.011320	-147.368421	
-0.011939	-160.000000	
-0.012558	-172.105263	
-0.013466	-183.684211	
-0.014869	-188.421053	
-0.016355	-191.052632	
-0.017717	-193.684211	
-0.018790	-193.684211	
-0.019409	-193.684211	
-0.019243	-178.947368	
-0.018666	-160.000000	
-0.018171	-139.473684	
-0.017428	-117.368421	
-0.016437	-91.578947	
-0.015983	-73.684211	
-0.015199	-60.526316	
-0.014044	-44.210526	
-0.013219	-33.157895	
-0.011981	-23.684211	
-0.010743	-15.789474	
-0.008762	-4.210526	
-0.007194	6.315789	
-0.005873	15.263158	
-0.004264	25.789474	
-0.002490	35.263158	
-0.002077	36.315789	
-0.002407	30.000000	
-0.003274	21.578947	
-0.004264	10.000000	
-0.005007	1.578947	
-0.006327	-5.789474	
-0.007772	-11.578947	
-0.008845	-16.842105	
-0.009835	-26.315789	
-0.010825	-34.210526	
-0.011609	-42.105263	
-0.012352	-50.526316	
-0.013260	-59.473684	
-0.013879	-67.368421	
-0.014539	-77.894737	
-0.015158	-86.315789	
-0.015695	-103.684211	
-0.016314	-119.473684	
-0.016850	-134.736842	
-0.017510	-150.526316	
-0.018088	-160.526316	
-0.018831	-172.105263	
-0.019574	-187.894737	
-0.018913	-166.315789	
-0.018377	-144.210526	
-0.017634	-123.684211	
-0.016974	-103.157895	
-0.016149	-80.526316	
-0.015282	-63.157895	
-0.014498	-51.052632	
-0.013755	-39.473684	
-0.012641	-26.842105	
-0.011197	-18.421053	
-0.009505	-8.421053	
-0.007730	2.631579	
-0.006039	13.157895	
-0.004966	20.526316	
-0.003686	26.842105	
-0.002696	33.157895	
-0.002944	27.894737	
-0.003645	18.947368	
-0.004223	10.526316	
-0.004924	2.631579	
-0.005585	-2.105263	
-0.006946	-6.842105	
-0.008226	-12.631579	
-0.009092	-20.000000	
-0.010248	-27.368421	
-0.011197	-36.315789	
-0.012022	-46.315789	
-0.012724	-54.210526	
-0.013631	-65.263158	
-0.014333	-80.526316	
-0.014787	-91.578947	
-0.015199	-101.578947	
-0.015695	-112.631579	
-0.016355	-125.789474	
-0.016768	-134.210526	
-0.017428	-148.421053	
-0.018129	-158.421053	
-0.019078	-173.157895	
-0.019615	-182.105263	
-0.019986	-185.789474	
-0.020770	-188.947368	
-0.022256	-193.684211	
-0.023700	-197.894737	
-0.025103	-199.473684	
-0.026465	-202.105263	
-0.027497	-202.631579	
-0.026878	-173.157895	
-0.026424	-152.631579	
-0.025640	-131.052632	
-0.024897	-107.894737	
-0.023989	-86.315789	
-0.023370	-72.631579	
-0.022297	-55.263158	
-0.021265	-38.947368	
-0.020234	-26.842105	
-0.018501	-16.842105	
-0.016272	-6.842105	
-0.014911	0.526316	
-0.012393	15.789474	
-0.010330	24.210526	
-0.008143	36.315789	
-0.006245	44.736842	
-0.004099	53.684211	
-0.004801	43.684211	
-0.005791	31.578947	
-0.006534	21.052632	
-0.007276	14.736842	
-0.008267	7.894737	
-0.009546	0.000000	
-0.011816	-8.947368	
-0.013549	-16.315789	
-0.014869	-23.157895	
-0.015777	-28.947368	
-0.016768	-37.368421	
-0.018047	-48.947368	
-0.018872	-57.894737	
-0.020481	-73.157895	
-0.021307	-78.947368	
-0.021843	-87.894737	
-0.022586	-102.105263	
-0.023081	-114.736842	
-0.023741	-126.842105	
-0.024443	-142.105263	
-0.025144	-155.789474	
-0.026094	-168.947368	
-0.026589	-180.000000	
-0.027538	-189.473684	
-0.027125	-174.736842	
-0.026011	-140.526316	
-0.025186	-116.315789	
-0.024402	-93.684211	
-0.023411	-74.736842	
-0.022710	-61.578947	
-0.021843	-48.421053	
-0.020646	-31.578947	
-0.019491	-24.210526	
-0.018006	-17.368421	
-0.015323	-3.684211	
-0.013631	6.842105	
-0.011032	21.052632	
-0.008927	32.105263	
-0.006988	41.578947	
-0.005172	50.526316	
-0.004017	55.263158	
-0.005048	42.631579	
-0.006162	28.421053	
-0.006988	18.421053	
-0.008391	7.894737	
-0.010454	-1.052632	
-0.012682	-12.631579	
-0.014374	-20.000000	
-0.015818	-31.052632	
-0.017015	-38.947368	
-0.018377	-50.000000	
-0.019697	-63.157895	
-0.020316	-71.052632	
-0.020605	-77.894737	
-0.021554	-92.105263	
-0.022380	-107.894737	
-0.023576	-128.947368	
-0.024278	-142.631579	
-0.024897	-152.105263	
-0.025640	-163.684211	
-0.026135	-173.157895	
-0.027208	-182.631579	
-0.028817	-193.684211	
-0.030261	-198.421053	
-0.031293	-204.210526	
-0.032902	-206.315789	
-0.034635	-207.894737	
-0.036039	-207.368421	
-0.035296	-180.000000	
-0.034801	-157.894737	
-0.033645	-122.631579	
-0.032572	-96.315789	
-0.031582	-74.736842	
-0.030303	-56.315789	
-0.028900	-37.368421	
-0.027785	-29.473684	
-0.025392	-16.315789	
-0.022669	-3.684211	
-0.019986	11.052632	
-0.017098	23.157895	
-0.014539	34.736842	
-0.012352	45.263158	
-0.010165	54.210526	
-0.007978	63.684211	
-0.006245	70.526316	
-0.004759	73.684211	
-0.005873	60.526316	
-0.006988	46.315789	
-0.008061	28.947368	
-0.008597	23.157895	
-0.009505	16.315789	
-0.011032	8.421053	
-0.013012	-1.578947	
-0.014828	-6.315789	
-0.016396	-12.631579	
-0.017923	-17.894737	
-0.020193	-31.052632	
-0.021513	-37.368421	
-0.022834	-46.315789	
-0.024195	-58.947368	
-0.025475	-68.421053	
-0.026878	-81.052632	
-0.027950	-93.157895	
-0.028817	-103.157895	
-0.029684	-115.263158	
-0.030591	-128.421053	
-0.031252	-140.526316	
-0.031994	-152.105263	
-0.033067	-171.578947	
-0.034470	-183.684211	
-0.035337	-194.210526	
-0.036039	-199.473684	
-0.035708	-181.052632	
-0.034842	-160.000000	
-0.033934	-135.789474	
-0.032944	-111.052632	
-0.031953	-84.736842	
-0.030963	-67.368421	
-0.029931	-51.578947	
-0.028817	-36.842105	
-0.027084	-26.315789	
-0.025227	-15.263158	
-0.022875	-4.736842	
-0.020977	6.842105	
-0.018459	18.421053	
-0.015323	30.000000	
-0.012930	41.052632	
-0.010289	51.578947	
-0.008680	58.947368	
-0.007029	65.789474	
-0.006039	68.421053	
-0.005296	71.578947	
-0.005750	64.210526	
-0.007111	45.263158	
-0.008019	32.105263	
-0.008514	26.315789	
-0.009670	16.315789	
-0.010578	12.105263	
-0.012146	2.105263	
-0.013425	-3.684211	
-0.015365	-8.947368	
-0.017056	-13.684211	
-0.019285	-19.473684	
-0.020481	-25.789474	
-0.021265	-30.000000	
-0.021884	-33.684211	
-0.022669	-39.473684	
-0.023576	-45.789474	
-0.024360	-51.578947	
-0.025021	-57.368421	
-0.025928	-63.684211	
-0.026713	-71.052632	
-0.027331	-76.842105	
-0.028074	-84.210526	
-0.028817	-93.157895	
-0.029684	-102.631579	
-0.030344	-112.105263	
-0.030922	-122.631579	
-0.031582	-134.736842	
-0.032407	-147.368421	
-0.033150	-158.947368	
-0.034140	-171.578947	
-0.035007	-181.578947	
-0.035791	-188.947368	
-0.034305	-142.631579	
-0.032902	-105.789474	
-0.031788	-82.631579	
-0.030880	-65.789474	
-0.029395	-46.842105	
-0.027744	-28.421053	
-0.024154	-10.000000	
-0.021348	5.263158	
-0.019904	11.578947	
-0.019945	3.157895	
