0	0
0.000536082474226804	2.53393665158372
0.00149828178694159	5.79185520361990
0.00265292096219931	9.41176470588235
0.00419243986254296	15.3846153846154
0.00274914089347079	9.41176470588235
0.00169072164948454	5.79185520361990
0.000343642611683848	1.26696832579185
-0.00109965635738830	-3.98190045248869
-0.00215807560137457	-6.69683257918553
-0.00360137457044674	-11.9457013574661
-0.00475601374570446	-17.0135746606335
-0.00321649484536082	-10.6787330316742
-0.00206185567010309	-6.87782805429865
-0.000426116838487964	-1.08597285067873
0.00149828178694159	5.61085972850678
0.00303780068728522	10.8597285067873
0.00438487972508592	15.9276018099548
0.00534707903780068	19.1855203619910
0.00717525773195878	23.7104072398190
0.00852233676975946	28.0542986425339
0.00977319587628867	31.6742081447964
0.0115051546391753	35.8371040723982
0.0104467353951890	30.7692307692308
0.00909965635738833	26.0633484162896
0.00640549828178695	15.5656108597285
0.00438487972508592	8.86877828054298
0.00332646048109966	5.97285067873303
0.00236426116838490	3.25791855203620
0.00101718213058420	1.26696832579185
-0.000426116838487964	-0.542986425339365
-0.00225429553264604	-7.23981900452489
-0.00465979381443299	-15.2036199095023
-0.00571821305841924	-21.5384615384615
-0.00725773195876289	-26.0633484162896
-0.00889347079037800	-31.6742081447964
-0.0104329896907216	-35.4751131221720
-0.00956701030927835	-30.9502262443439
-0.00783505154639175	-22.8054298642534
-0.00610309278350515	-15.9276018099548
-0.00446735395189003	-9.59276018099547
-0.00340893470790378	-5.06787330316742
-0.00263917525773195	-3.07692307692308
-0.00129209621993126	-1.26696832579185
0.000151202749140891	0.723981900452486
0.00169072164948454	5.79185520361990
0.00351890034364262	12.6696832579186
0.00544329896907217	19.5475113122172
0.00784879725085912	25.7013574660633
0.00919587628865980	30.0452488687783
0.0106391752577320	33.3031674208145
0.0114089347079038	35.2941176470588
0.00948453608247424	27.6923076923077
0.00746391752577320	20.2714932126697
0.00525085910652921	12.4886877828054
0.00351890034364262	6.51583710407240
0.00207560137457045	2.35294117647059
-0.00119587628865979	-3.98190045248869
-0.00331271477663229	-10.6787330316742
-0.00562199312714776	-20.2714932126697
-0.00725773195876289	-25.5203619909502
-0.00908591065292096	-31.4932126696833
-0.00985567010309277	-33.3031674208145
-0.00821993127147766	-24.9773755656109
-0.00658419243986254	-18.0995475113122
-0.00504467353951889	-11.5837104072398
-0.00350515463917525	-6.33484162895928
-0.00186941580756013	-2.17194570135747
-0.000137457044673536	0.542986425339365
0.00120962199312716	4.88687782805430
0.00313402061855671	10.8597285067873
0.00486597938144331	17.1945701357466
0.00948453608247424	30.4072398190045
0.0110240549828179	34.3891402714932
0.0116975945017182	35.6561085972851
0.00929209621993128	27.5113122171946
0.00746391752577320	20.0904977375566
0.00534707903780068	12.8506787330317
0.00400000000000000	8.50678733031674
0.00294158075601375	4.52488687782805
0.000632302405498289	0.723981900452486
-0.00109965635738830	-3.25791855203620
-0.00321649484536082	-10.3167420814480
-0.00504467353951889	-18.0995475113122
-0.00725773195876289	-25.7013574660634
-0.00927835051546391	-32.7601809954751
-0.0100481099656357	-33.4841628959276
-0.00879725085910653	-27.3303167420815
-0.00696907216494845	-20.4524886877828
-0.00552577319587629	-13.9366515837104
-0.00398625429553265	-7.96380090497738
-0.00254295532646047	-4.16289592760181
-0.00129209621993126	-1.44796380090497
0.00265292096219931	3.98190045248869
0.00496219931271479	10.3167420814480
0.00727147766323025	19.1855203619910
0.00967697594501719	28.0542986425339
0.0115051546391753	33.8461538461538
0.0137182130584192	38.7330316742082
0.0155463917525773	42.8959276018100
0.0177594501718213	46.6968325791855
0.0203573883161512	50.3167420814480
0.0231477663230241	53.5746606334842
0.0242061855670103	54.4796380090498
0.0241099656357388	52.1266968325792
0.0224742268041237	46.3348416289593
0.0191065292096220	35.4751131221720
0.0167010309278351	27.1493212669683
0.0147766323024055	20.6334841628959
0.0125635738831615	12.4886877828054
0.0105429553264605	6.87782805429865
0.00919587628865980	3.80090497737557
0.00813745704467354	1.80995475113122
0.00659793814432991	0.542986425339365
0.00525085910652921	0.180995475113122
0.00188316151202750	0.361990950226243
5.49828178694201e-05	0
-0.00129209621993126	-1.08597285067873
-0.00283161512027491	-4.16289592760181
-0.00437113402061855	-8.50678733031674
-0.00735395189003435	-19.9095022624434
-0.0103367697594502	-34.2081447963801
-0.0121649484536082	-41.2669683257919
-0.0139931271477663	-45.0678733031674
-0.0159175257731959	-48.3257918552036
-0.0184192439862543	-52.1266968325792
-0.0209209621993127	-55.2036199095023
-0.0237113402061856	-56.6515837104072
-0.0226529209621993	-51.4027149321267
-0.0209209621993127	-44.1628959276018
-0.0175532646048110	-33.1221719457014
-0.0152439862542955	-24.7963800904977
-0.0126460481099656	-15.9276018099548
-0.0103367697594502	-6.69683257918553
-0.00831615120274913	-2.35294117647059
-0.00687285223367698	-0.723981900452486
-0.00485223367697595	-0.180995475113122
-0.000426116838487964	0.361990950226243
0.00207560137457045	0.180995475113122
0.00380756013745705	1.80995475113122
0.00592439862542955	3.98190045248869
0.00823367697594503	7.42081447963801
0.00977319587628867	11.2217194570136
0.0139106529209622	23.7104072398190
0.0164123711340206	32.7601809954751
0.0199725085910653	42.8959276018100
0.0238213058419244	53.3936651583711
0.0218006872852234	45.2488687782805
0.0177594501718213	31.1312217194570
0.0144879725085911	19.7285067873303
0.0119862542955326	10.3167420814480
0.0105429553264605	6.87782805429865
0.00967697594501719	3.98190045248869
0.00852233676975946	2.35294117647059
0.00727147766323025	0.723981900452486
0.00476975945017183	-0.180995475113122
0.00120962199312716	-0.180995475113122
-0.00302405498281787	-0.180995475113122
-0.00716151202749141	-0.723981900452486
-0.00812371134020617	-0.904977375565608
-0.00937457044673540	-1.80995475113122
-0.0105292096219931	-4.52488687782805
-0.0123573883161512	-11.0407239819005
-0.0146666666666667	-20.0904977375566
-0.0182268041237113	-33.1221719457014
-0.0205360824742268	-40.3619909502262
-0.0222680412371134	-46.6968325791855
-0.0233264604810997	-49.9547511312217
-0.0209209621993127	-40.5429864253394
-0.0165910652920962	-26.6063348416290
-0.0135120274914089	-15.0226244343891
-0.0113951890034364	-6.15384615384616
-0.00966323024054983	-2.71493212669684
-0.00783505154639175	-0.542986425339365
-0.00581443298969071	0
-0.00186941580756013	0
0.00140206185567011	0.542986425339365
0.00438487972508592	0.180995475113122
0.00592439862542955	1.80995475113122
0.00707903780068729	3.25791855203620
0.00813745704467354	6.51583710407240
0.0110240549828179	14.2986425339367
0.0143917525773196	26.0633484162896
0.0178556701030928	35.8371040723982
0.0203573883161512	42.7149321266968
0.0223780068728522	48.5067873303167
0.0232439862542956	51.0407239819004
0.0213195876288660	44.1628959276018
0.0178556701030928	31.4932126696833
0.0154501718213059	22.8054298642534
0.0130446735395189	14.1176470588235
0.0113127147766323	8.50678733031674
0.00977319587628867	4.70588235294117
0.00832989690721650	2.71493212669684
0.00640549828178695	1.08597285067873
0.00380756013745705	0
0.00226804123711341	0.180995475113122
-0.00119587628865979	-0.180995475113122
-0.00648797250859107	-0.723981900452486
-0.00850859106529209	-1.08597285067873
-0.0102405498281787	-2.89592760180996
-0.0122611683848797	-10.4977375565611
-0.0158213058419244	-23.5294117647059
-0.0195738831615120	-37.4660633484163
-0.0214982817869416	-44.3438914027149
-0.0236151202749141	-49.9547511312217
-0.0215945017182131	-42.1719457013575
-0.0200549828178694	-35.1131221719457
-0.0170721649484536	-24.4343891402715
-0.0141855670103093	-13.9366515837104
-0.0123573883161512	-6.87782805429865
-0.0111065292096220	-2.35294117647059
-0.0100481099656357	-0.904977375565608
-0.00831615120274913	0
0.000728522336769760	0.361990950226243
0.00467353951890036	0
0.00707903780068729	2.17194570135747
0.00852233676975946	5.42986425339366
0.00967697594501719	9.41176470588235
0.0136219931271478	21.9004524886878
0.0164123711340206	30.7692307692308
0.0193951890034364	39.6380090497738
0.0225704467353952	47.6018099547511
0.0242061855670103	50.1357466063348
0.0263230240549828	53.2126696832579
0.0288247422680412	55.5656108597285
0.0316151202749141	57.7375565610860
0.0345979381443299	59.3665158371041
0.0364261168384880	60.4524886877828
0.0366185567010309	59.0045248868778
0.0363298969072165	55.7466063348416
0.0338281786941581	47.2398190045249
0.0305567010309279	36.1990950226244
0.0266116838487973	23.5294117647059
0.0239175257731959	14.6606334841629
0.0222817869415808	10.3167420814480
0.0211271477663230	6.15384615384616
0.0191065292096220	2.53393665158372
0.0173745704467354	0
0.0152577319587629	-0.361990950226243
0.00669415807560138	-0.180995475113122
-0.00696907216494845	-0.180995475113122
-0.00975945017182131	-1.08597285067873
-0.0111065292096220	-2.71493212669684
-0.0126460481099656	-7.96380090497738
-0.0151477663230240	-17.1945701357466
-0.0190927835051546	-31.4932126696833
-0.0238075601374570	-50.6787330316742
-0.0246735395189003	-53.2126696832579
-0.0264054982817869	-55.3846153846154
-0.0287147766323024	-57.7375565610860
-0.0316975945017182	-59.1855203619910
-0.0341993127147766	-60.6334841628959
-0.0364123711340206	-60.6334841628959
-0.0351615120274914	-53.9366515837104
-0.0321786941580756	-42.5339366515837
-0.0298694158075601	-32.9411764705882
-0.0266941580756014	-21.7194570135747
-0.0232302405498282	-10.3167420814480
-0.0212096219931271	-4.70588235294117
-0.0199587628865979	-2.35294117647059
-0.0183230240549828	-1.08597285067873
-0.0161099656357388	-0.361990950226243
-0.0105292096219931	-0.180995475113122
0.00313402061855671	0
0.00775257731958763	1.26696832579185
0.0102542955326461	2.17194570135747
0.0128522336769760	4.52488687782805
0.0156426116838488	7.96380090497738
0.0183367697594502	11.5837104072398
0.0233402061855670	23.8914027149321
0.0269003436426117	32.7601809954751
0.0312302405498282	45.2488687782805
0.0342130584192440	52.6696832579186
0.0363298969072165	56.4705882352941
0.0328659793814433	45.2488687782805
0.0284398625429553	31.1312217194570
0.0251683848797251	20.2714932126697
0.0227628865979382	13.3936651583710
0.0207422680412371	7.05882352941177
0.0195876288659794	4.34389140271493
0.0181443298969072	1.99095022624434
0.0169896907216495	0.723981900452486
0.0141030927835052	0
0.00832989690721650	0.180995475113122
-0.00437113402061855	-0.542986425339365
-0.0116838487972509	-0.542986425339365
-0.0134158075601375	-1.08597285067873
-0.0150515463917526	-2.53393665158372
-0.0165910652920962	-3.98190045248869
-0.0186116838487972	-7.96380090497738
-0.0201512027491409	-13.0316742081448
-0.0216907216494845	-17.3755656108597
-0.0234226804123711	-23.3484162895928
-0.0257319587628866	-29.8642533936652
-0.0275601374570447	-36.5610859728507
-0.0291958762886598	-40.5429864253394
-0.0310240549828179	-45.2488687782805
-0.0332371134020619	-51.0407239819005
-0.0344879725085911	-53.9366515837104
-0.0361237113402062	-56.8325791855204
-0.0359312714776632	-53.7556561085973
-0.0336219931271478	-45.0678733031674
-0.0311202749140893	-35.1131221719457
-0.0281374570446735	-24.7963800904977
-0.0256357388316151	-16.1085972850679
-0.0233264604810997	-9.04977375565611
-0.0215945017182131	-3.98190045248869
-0.0201512027491409	-1.80995475113122
-0.0188041237113402	-0.542986425339365
-0.0162061855670103	-0.361990950226243
-0.0118762886597938	0
0.000824742268041245	0
0.00861855670103094	0.180995475113122
0.0115051546391753	0.180995475113122
0.0132371134020619	1.44796380090497
0.0147766323024055	3.43891402714932
0.0165085910652921	5.61085972850678
0.0178556701030928	9.59276018099547
0.0199725085910653	15.7466063348416
0.0236288659793814	26.9683257918552
0.0274776632302406	37.1040723981900
0.0306529209621993	45.4298642533937
0.0326735395189004	50.8597285067873
0.0345017182130584	55.3846153846154
0.0363298969072165	58.6425339366516
0.0346941580756014	51.7647058823529
0.0313264604810997	39.4570135746606
0.0269003436426117	25.8823529411765
0.0236288659793814	15.9276018099548
0.0215120274914089	9.23076923076923
0.0201649484536083	5.79185520361990
0.0191065292096220	3.61990950226245
0.0181443298969072	1.99095022624434
0.0168934707903780	0.180995475113122
0.0150652920962199	0
-0.00417869415807561	-0.361990950226243
-0.0161099656357388	-1.08597285067873
-0.0177457044673539	-2.35294117647059
-0.0195738831615120	-5.79185520361990
-0.0214020618556701	-9.95475113122171
-0.0233264604810997	-15.9276018099548
-0.0249621993127148	-21.5384615384615
-0.0267903780068729	-28.5972850678733
-0.0290996563573883	-35.6561085972851
-0.0325635738831615	-45.4298642533937
-0.0352577319587629	-53.2126696832579
-0.0360274914089347	-55.2036199095023
-0.0331408934707904	-42.8959276018100
-0.0291958762886598	-27.8733031674208
-0.0245773195876289	-13.0316742081448
-0.0218831615120275	-5.61085972850678
-0.0194776632302405	-1.26696832579185
-0.0164948453608247	0
-0.00918213058419244	-0.361990950226243
0.0103505154639175	0
0.0130446735395189	0.723981900452486
0.0144879725085911	1.80995475113122
0.0152577319587629	2.89592760180996
0.0166048109965636	4.52488687782805
0.0192027491408935	10.6787330316742
0.0204536082474227	14.4796380090498
0.0225704467353952	21.1764705882353
0.0263230240549828	31.3122171945701
0.0293058419243986	39.6380090497738
0.0320000000000000	45.7918552036199
0.0341168384879725	49.4117647058824
0.0355601374570447	52.6696832579186
0.0361374570446736	54.4796380090498
0.0367147766323024	53.5746606334842
0.0370034364261168	52.4886877828054
0.0380618556701031	53.3936651583711
0.0391202749140894	53.5746606334842
0.0396975945017182	53.0316742081448
0.0402749140893471	50.8597285067873
0.0407560137457045	40
0.0413333333333334	36.0180995475113
0.0426804123711340	38.0090497737557
0.0438350515463918	39.4570135746606
0.0447972508591065	40.3619909502262
0.0457594501718213	39.6380090497738
0.0464329896907216	37.6470588235294
0.0471065292096220	36.5610859728507
0.0486460481099656	35.8371040723982
0.0498006872852234	35.6561085972851
0.0506666666666667	34.0271493212670
0.0513402061855670	19.5475113122172
0.0517250859106529	13.5746606334842
0.0513402061855670	11.5837104072398
0.0503780068728523	7.96380090497738
0.0492233676975945	4.34389140271493
0.0481649484536083	2.53393665158372
0.0474914089347079	1.44796380090497
0.0469140893470791	1.08597285067873
0.0457594501718213	0.361990950226243
0.0345979381443299	-0.361990950226243
0.0191065292096220	-0.180995475113122
-0.000426116838487964	-0.180995475113122
-0.0140893470790378	0
-0.0163024054982818	-1.26696832579185
-0.0180343642611684	-2.35294117647059
-0.0192852233676976	-4.34389140271493
-0.0209209621993127	-8.32579185520362
-0.0229415807560137	-15.0226244343891
-0.0250584192439862	-20.9954751131222
-0.0265017182130584	-26.0633484162896
-0.0286185567010309	-32.7601809954751
-0.0311202749140893	-39.8190045248869
-0.0340068728522337	-48.5067873303167
-0.0364123711340206	-55.5656108597285
-0.0373745704467354	-57.3755656108597
-0.0385292096219931	-58.8235294117647
-0.0401649484536082	-59.9095022624434
-0.0438213058419244	-61.3574660633484
-0.0452646048109966	-39.0950226244344
-0.0462268041237113	-39.0950226244344
-0.0468041237113402	-37.2850678733032
-0.0474776632302405	-36.0180995475113
-0.0484398625429553	-36.3800904977376
-0.0492096219931271	-37.2850678733032
-0.0505567010309278	-37.6470588235294
-0.0500756013745704	-34.9321266968326
-0.0483436426116839	-28.0542986425339
-0.0468041237113402	-21.3574660633484
-0.0457457044673540	-18.2805429864253
-0.0435326460481100	-15.0226244343891
-0.0403573883161512	-10.4977375565611
-0.0370859106529210	-5.79185520361990
-0.0344879725085911	-2.89592760180996
-0.0317938144329897	-1.08597285067873
-0.0290996563573883	-0.361990950226243
-0.0190927835051546	0
-0.000137457044673536	0
0.0229553264604811	0
0.0316151202749141	-0.180995475113122
0.0358487972508591	0.180995475113122
0.0385429553264605	0.723981900452486
0.0412371134020619	1.80995475113122
0.0429690721649485	2.71493212669684
0.0448934707903780	3.61990950226245
0.0483573883161512	9.23076923076923
0.0494158075601375	11.9457013574661
0.0503780068728523	13.3936651583710
0.0513402061855670	13.3936651583710
0.0505704467353952	10.6787330316742
0.0491271477663230	5.79185520361990
0.0474914089347079	2.35294117647059
0.0456632302405498	0.723981900452486
0.0431615120274914	0.180995475113122
0.0385429553264605	0.180995475113122
0.000247422680412376	-0.542986425339365
-0.0146666666666667	-0.180995475113122
-0.0179381443298969	-0.904977375565608
-0.0210171821305842	-1.62895927601809
-0.0236151202749141	-2.71493212669684
-0.0268865979381443	-4.52488687782805
-0.0296769759450172	-7.23981900452489
-0.0324673539518900	-10.3167420814480
-0.0348728522336770	-13.5746606334842
-0.0377594501718213	-17.1945701357466
-0.0399725085910653	-19.9095022624434
-0.0418969072164949	-23.5294117647059
-0.0436288659793815	-26.6063348416290
-0.0451683848797251	-30.7692307692308
-0.0465154639175258	-33.1221719457014
-0.0478625429553265	-36.0180995475113
-0.0495945017182131	-37.1040723981901
-0.0501718213058419	-34.5701357466063
-0.0485360824742268	-28.4162895927602
-0.0468041237113402	-23.3484162895928
-0.0450721649484536	-19.7285067873303
-0.0429553264604811	-15.7466063348416
-0.0390103092783505	-10.3167420814480
-0.0355463917525773	-4.70588235294117
-0.0324673539518900	-1.99095022624434
-0.0302542955326460	-0.904977375565608
-0.0277525773195876	0
-0.0225567010309278	-0.180995475113122
-0.000137457044673536	-0.361990950226243
0.0370996563573883	0.361990950226243
0.0407560137457045	0.542986425339365
0.0422955326460481	1.08597285067873
0.0443161512027492	2.71493212669684
0.0462405498281787	3.98190045248869
0.0472989690721650	6.87782805429865
0.0492233676975945	11.2217194570136
0.0509553264604811	13.3936651583710
0.0517250859106529	13.3936651583710
0.0499931271477663	8.68778280542986
0.0487422680412371	5.06787330316742
0.0472989690721650	2.35294117647059
0.0454707903780069	0.542986425339365
0.0435463917525773	0
0.0363298969072165	0.180995475113122
-0.000233676975945007	-0.361990950226243
-0.0177457044673539	-0.361990950226243
-0.0277525773195876	-0.542986425339365
-0.0306391752577320	-1.26696832579185
-0.0328522336769759	-3.07692307692308
-0.0343917525773196	-5.24886877828054
-0.0358350515463918	-7.42081447963801
-0.0393951890034364	-12.6696832579186
-0.0418969072164949	-16.2895927601810
-0.0443986254295533	-20.0904977375566
-0.0460343642611684	-25.1583710407240
-0.0477663230240550	-30.0452488687783
-0.0498831615120275	-34.9321266968326
-0.0483436426116839	-27.5113122171946
-0.0456494845360825	-19.1855203619910
-0.0409347079037801	-12.8506787330317
-0.0365085910652921	-6.69683257918553
-0.0328522336769759	-2.89592760180996
-0.0292920962199313	-0.723981900452486
-0.0264054982817869	-0.723981900452486
-0.000137457044673536	-0.361990950226243
0.0299793814432990	0
0.0409484536082474	0
0.0430652920962200	1.44796380090497
0.0447972508591065	2.89592760180996
0.0463367697594502	3.98190045248869
0.0480687285223368	7.60180995475113
0.0498006872852234	12.8506787330317
0.0509553264604811	15.5656108597285
0.0521099656357388	16.4705882352941
0.0538419243986254	17.3755656108597
0.0557663230240550	17.3755656108597
0.0573058419243987	15.9276018099548
0.0589415807560138	14.6606334841629
0.0602886597938145	13.7556561085973
0.0622130584192440	13.2126696832579
0.0635601374570447	13.0316742081448
0.0646185567010309	12.4886877828054
0.0642336769759450	9.41176470588235
0.0632714776632303	6.33484162895928
0.0624054982817869	3.80090497737557
0.0612508591065292	1.80995475113122
0.0600000000000000	0.542986425339365
0.0490309278350515	-0.542986425339365
-0.000137457044673536	-0.723981900452486
-0.0286185567010309	-0.361990950226243
-0.0308316151202749	-1.99095022624434
-0.0334295532646048	-3.43891402714932
-0.0367010309278351	-7.23981900452489
-0.0391065292096220	-10.4977375565611
-0.0424742268041237	-16.1085972850679
-0.0448797250859107	-19.9095022624434
-0.0461305841924399	-23.1674208144796
-0.0473814432989691	-26.0633484162896
-0.0488247422680412	-30.0452488687783
-0.0499793814432990	-34.5701357466063
-0.0505567010309278	-36.0180995475113
-0.0520000000000000	-36.3800904977376
-0.0531546391752577	-34.9321266968326
-0.0537319587628866	-32.9411764705882
-0.0553676975945017	-32.7601809954751
-0.0561374570446735	-31.3122171945701
-0.0566185567010309	-28.2352941176471
-0.0580618556701031	-5.61085972850678
-0.0596975945017182	-7.42081447963801
-0.0614295532646048	-9.41176470588235
-0.0629690721649485	-11.0407239819005
-0.0640274914089347	-12.3076923076923
-0.0641237113402062	-9.95475113122171
-0.0632577319587629	-7.05882352941177
-0.0620068728522337	-3.80090497737557
-0.0607560137457045	-1.62895927601809
-0.0584467353951890	-0.542986425339365
-0.0556563573883162	-0.361990950226243
-0.0318900343642612	-0.180995475113122
5.49828178694201e-05	-0.361990950226243
0.0536494845360825	0.361990950226243
0.0587491408934708	0.361990950226243
0.0600000000000000	1.44796380090497
0.0611546391752578	3.25791855203620
0.0622130584192440	5.97285067873303
0.0630790378006873	8.32579185520362
0.0639450171821306	9.95475113122171
0.0646185567010309	10.8597285067873
0.0655807560137457	11.0407239819005
0.0666391752577320	11.2217194570136
0.0675051546391753	10.3167420814480
0.0670240549828179	8.32579185520362
0.0661580756013746	5.42986425339366
0.0651958762886598	2.35294117647059
0.0641374570446736	0.904977375565608
0.0632714776632303	0.361990950226243
0.0608659793814433	0.180995475113122
0.0414295532646048	0.180995475113122
-0.000137457044673536	-0.180995475113122
-0.0396838487972509	-0.361990950226243
-0.0567147766323024	-0.542986425339365
-0.0591202749140893	-1.62895927601809
-0.0605635738831615	-3.25791855203620
-0.0618144329896907	-5.61085972850678
-0.0629690721649485	-8.68778280542986
-0.0637388316151203	-11.0407239819005
-0.0648934707903780	-13.0316742081448
-0.0661443298969072	-12.8506787330317
-0.0672027491408935	-11.7647058823529
-0.0669140893470790	-8.68778280542986
-0.0659518900343643	-4.70588235294117
-0.0645085910652921	-1.99095022624434
-0.0629690721649485	-0.542986425339365
-0.0612371134020619	-0.542986425339365
-0.0583505154639175	-0.723981900452486
-0.000329896907216479	-0.723981900452486