-0.000000	0.000000	
0.000405	26.855124	
0.001012	57.008245	
0.002024	91.872792	
0.003644	122.025913	
0.005466	161.601885	
0.007287	194.581861	
0.010526	227.561837	
0.011134	220.965842	
0.010324	188.928151	
0.009312	142.756184	
0.006883	73.969376	
0.004858	3.297998	
0.005061	41.931684	
0.006680	90.930506	
0.008907	156.890459	
0.009919	210.600707	
0.011336	236.042403	
0.014170	265.253239	
0.017611	285.041225	
0.018219	278.445230	
0.018016	234.157833	
0.014575	122.025913	
0.012146	51.354535	
0.009919	9.893993	
0.006883	-28.739694	
0.005263	-45.700824	
0.002227	-71.142521	
-0.001619	-109.776207	
-0.005061	-135.217903	
-0.009312	-154.063604	
-0.012348	-163.486455	
-0.015182	-170.082450	
-0.015587	-157.832744	
-0.013360	-98.468787	
-0.011134	-59.835100	
-0.008907	-31.566549	
-0.006680	-15.547703	
-0.005263	-8.951708	
-0.002024	3.297998	
0.001822	39.104829	
0.007692	100.353357	
0.009717	127.679623	
0.012753	171.024735	
0.015992	225.677267	
0.018421	266.195524	
0.019636	281.272085	
0.021053	293.521790	
0.023077	302.002356	
0.023077	280.329800	
0.019231	147.467609	
0.017206	101.295642	
0.014980	54.181390	
0.014170	32.508834	
0.013360	20.259128	
0.012753	6.124853	
0.010729	-2.355713	
0.006275	-22.143698	
0.003239	-38.162544	
-0.002834	-85.276796	
-0.007490	-115.429918	
-0.010121	-138.044759	
-0.012753	-153.121319	
-0.014980	-163.486455	
-0.018421	-173.851590	
-0.021053	-176.678445	
-0.023279	-176.678445	
-0.022267	-136.160188	
-0.020040	-88.103651	
-0.017611	-51.354535	
-0.015182	-25.912839	
-0.012955	-12.720848	
-0.010526	-4.240283	
-0.008502	2.355713	
-0.006073	15.547703	
-0.003239	34.393404	
-0.001012	48.527680	
0.003239	72.084806	
0.007692	96.584217	
0.011336	120.141343	
0.013765	140.871614	
0.015992	169.140165	
0.017814	196.466431	
0.020445	233.215548	
0.023684	284.098940	
0.024291	281.272085	
0.023077	235.100118	
0.021053	171.967020	
0.019231	106.949352	
0.017611	73.969376	
0.016194	50.412250	
0.014980	33.451119	
0.013158	11.778563	
0.008907	-8.951708	
0.006883	-8.951708	
0.004656	-16.489988	
0.002227	-32.508834	
-0.007490	-88.103651	
-0.014980	-129.564193	
-0.017814	-149.352179	
-0.021457	-162.544170	
-0.024089	-171.024735	
-0.025709	-176.678445	
-0.026518	-169.140165	
-0.025506	-141.813899	
-0.022470	-80.565371	
-0.020040	-44.758539	
-0.018623	-28.739694	
-0.016802	-17.432273	
-0.014170	-7.067138	
-0.011943	-0.471143	
-0.009109	10.836278	
-0.005668	25.912839	
-0.002429	47.585395	
0.003441	79.623086	
0.008907	110.718492	
0.012955	129.564193	
0.017206	175.736160	
0.019838	214.369847	
0.023482	268.080094	
0.022065	207.773852	
0.021255	156.890459	
0.019433	98.468787	
0.017611	64.546525	
0.015587	38.162544	
0.013563	13.663133	
0.009919	-5.182568	
0.004858	-18.374558	
0.000810	-35.335689	
-0.002024	-54.181390	
-0.006275	-75.853946	
-0.011538	-103.180212	
-0.017206	-129.564193	
-0.019838	-143.698469	
-0.023077	-158.775029	
-0.024291	-167.255595	
-0.027328	-175.736160	
-0.030364	-182.332155	
-0.034413	-183.274441	
-0.033806	-150.294464	
-0.031579	-103.180212	
-0.028947	-61.719670	
-0.026316	-34.393404	
-0.024291	-17.432273	
-0.022267	-4.240283	
-0.019838	-1.413428	
-0.018016	1.413428	
-0.014372	18.374558	
-0.005870	58.892815	
-0.000405	81.507656	
0.003036	93.757362	
0.006478	105.064782	
0.012753	127.679623	
0.015385	157.832744	
0.020648	211.542992	
0.023279	248.292108	
0.026113	288.810365	
0.028543	307.656066	
0.031174	320.848057	
0.032389	322.732627	
0.031781	238.869258	
0.030364	179.505300	
0.028543	146.525324	
0.026113	94.699647	
0.024089	59.835100	
0.022065	33.451119	
0.019838	19.316843	
0.017004	4.240283	
0.013765	-5.182568	
0.010121	-15.547703	
0.000810	-48.527680	
-0.011538	-97.526502	
-0.015992	-115.429918	
-0.020243	-126.737338	
-0.023887	-137.102473	
-0.028138	-154.063604	
-0.031579	-165.371025	
-0.033806	-172.909305	
-0.034413	-171.967020	
-0.032389	-124.852768	
-0.030567	-86.219081	
-0.027935	-50.412250	
-0.024696	-22.143698	
-0.022065	-7.067138	
-0.018421	2.355713	
-0.014980	17.432273	
-0.008704	43.816254	
-0.002834	71.142521	
0.001012	88.103651	
0.004858	100.353357	
0.013765	132.391048	
0.018826	152.179034	
0.022267	180.447585	
0.024899	211.542992	
0.029150	262.426384	
0.031377	293.521790	
0.032996	309.540636	
0.031781	248.292108	
0.029352	190.812721	
0.027126	129.564193	
0.023684	73.969376	
0.022065	44.758539	
0.020243	24.970554	
0.017814	11.778563	
0.013158	-6.124853	
0.010324	-10.836278	
-0.001619	-56.065960	
-0.010121	-86.219081	
-0.019838	-119.199058	
-0.028745	-148.409894	
-0.031377	-158.775029	
-0.034413	-169.140165	
-0.036640	-172.909305	
-0.039879	-175.736160	
-0.043320	-175.736160	
-0.045142	-175.736160	
-0.046356	-167.255595	
-0.045142	-138.044759	
-0.042713	-97.526502	
-0.040688	-67.373380	
-0.038866	-37.220259	
-0.036235	-19.316843	
-0.032996	-4.240283	
-0.029757	2.355713	
-0.027328	6.124853	
-0.022065	31.566549	
-0.015992	56.065960	
-0.009514	79.623086	
-0.004453	95.641932	
-0.000000	108.833922	
0.003644	112.603062	
0.006883	121.083628	
0.011741	137.102473	
0.018016	171.967020	
0.024089	207.773852	
0.029555	251.118963	
0.032389	278.445230	
0.034413	302.944641	
0.036235	315.194346	
0.039069	331.213192	
0.044737	349.116608	
0.048178	357.597173	
0.052834	367.020024	
0.053441	335.924617	
0.054049	353.828033	
0.055466	359.481743	
0.059919	367.962309	
0.062753	369.846879	
0.064777	370.789164	
0.064372	324.617197	
0.062348	259.599529	
0.060324	192.697291	
0.057490	134.275618	
0.055466	96.584217	
0.052834	68.315665	
0.050405	45.700824	
0.047368	24.970554	
0.044534	11.778563	
0.041093	0.471143	
0.038866	-2.355713	
0.036235	-4.240283	
0.034008	-12.720848	
0.031174	-23.085984	
0.021255	-51.354535	
0.009717	-75.853946	
-0.002429	-94.699647	
-0.013765	-111.660777	
-0.023077	-130.506478	
-0.032389	-146.525324	
-0.039069	-156.890459	
-0.042915	-160.659600	
-0.045951	-159.717314	
-0.047976	-156.890459	
-0.048785	-161.601885	
-0.050405	-161.601885	
-0.051822	-161.601885	
-0.053441	-154.063604	
-0.055668	-160.659600	
-0.064372	-155.948174	
-0.077935	-146.525324	
-0.083401	-141.813899	
-0.086437	-136.160188	
-0.087854	-138.987044	
-0.092713	-136.160188	
-0.097571	-132.391048	
-0.094332	-73.969376	
